compound,start_value,end_value,delta,normalize_delta
C00001,1000,0,-1000,1.0
C00002,500,0,-500,1.0
C00003,10,0,-10,1.0
C00004,100,82,-18,0.18
C00005,62,251,189,3.04839
C00006,195,1,-194,0.99487
C00007,100,0,-100,1.0
C00008,595,621,26,0.0437
C00009,100,2645,2545,25.45
C00010,123,3367,3244,26.37398
C00011,1350,11454,10104,7.48444
C00012,100,107,7,0.07
C00013,100,3059,2959,29.59
C00014,10000,13187,3187,0.3187
C00015,100,1439,1339,13.39
C00016,100,0,-100,1.0
C00017,100,0,-100,1.0
C00018,100,238,138,1.38
C00019,100,0,-100,1.0
C00020,955,2638,1683,1.7623
C00021,100,123,23,0.23
C00022,2670,3948,1278,0.47865
C00023,100,100,0,0.0
C00024,300,0,-300,1.0
C00025,100,0,-100,1.0
C00026,180,0,-180,1.0
C00027,100,0,-100,1.0
C00028,100,0,-100,1.0
C16722,100,52,-48,0.48
C00029,100,0,-100,1.0
C00030,100,200,100,1.0
C00031,220000,220993,993,0.00451
C00032,100,141,41,0.41
C00033,100,1496,1396,13.96
C00034,100,100,0,0.0
C00035,100,749,649,6.49
C00036,680,947,267,0.39265
C00037,100,307,207,2.07
C00038,100,100,0,0.0
C00039,100,174,74,0.74
C00040,100,0,-100,1.0
C00041,100,598,498,4.98
C00042,190,551,361,1.9
C00043,100,0,-100,1.0
C00044,100,0,-100,1.0
C00045,100,3,-97,0.97
C05167,100,107,7,0.07
C00047,100,0,-100,1.0
C00048,100,572,472,4.72
C00049,1340,1252,-88,0.06567
C00050,100,100,0,0.0
C00051,100,0,-100,1.0
C00052,100,0,-100,1.0
C00053,100,0,-100,1.0
C00054,100,296,196,1.96
C00055,100,1177,1077,10.77
C00058,100,590,490,4.9
C00059,100,270,170,1.7
C00060,100,639,539,5.39
C00061,100,174,74,0.74
C00062,100,1,-99,0.99
C00063,100,0,-100,1.0
C00064,100,0,-100,1.0
C00065,100,0,-100,1.0
C00066,100,193,93,0.93
C00067,100,238,138,1.38
C00068,100,0,-100,1.0
C00069,100,371,271,2.71
C00070,100,100,0,0.0
C00071,100,368,268,2.68
C00072,100,2,-98,0.98
C00073,100,279,179,1.79
C00074,2670,2757,87,0.03258
C00075,100,0,-100,1.0
C00076,100,100,0,0.0
C00077,100,55,-45,0.45
C00078,100,1,-99,0.99
C00079,100,0,-100,1.0
C00080,100,2020,1920,19.2
C00081,100,0,-100,1.0
C00082,100,0,-100,1.0
C00083,100,0,-100,1.0
C00084,100,671,571,5.71
C00085,600,737,137,0.22833
C00086,100,181,81,0.81
C00087,100,45,-55,0.55
C00088,100,183,83,0.83
C00089,100,0,-100,1.0
C00090,100,375,275,2.75
C15571,100,100,0,0.0
C00091,100,0,-100,1.0
C00092,3480,3573,93,0.02672
C00093,100,1,-99,0.99
C00094,100,151,51,0.51
C00095,230000,230296,296,0.00129
C00096,100,0,-100,1.0
C00097,100,0,-100,1.0
C00099,100,124,24,0.24
C00100,100,142,42,0.42
C00101,100,227,127,1.27
C00102,100,100,0,0.0
C00103,100,340,240,2.4
C00104,100,190,90,0.9
C00105,100,394,294,2.94
C00106,100,353,253,2.53
C00107,100,100,0,0.0
C00108,100,77,-23,0.23
C00109,100,42,-58,0.58
C00110,100,321,221,2.21
C00111,167,834,667,3.99401
C00112,100,217,117,1.17
C00113,100,77,-23,0.23
C00114,100,107,7,0.07
C00116,100,276,176,1.76
C00117,398,335,-63,0.15829
C00118,218,222,4,0.01835
C00119,100,287,187,1.87
C00120,100,160,60,0.6
C00121,100,286,186,1.86
C00122,100,231,131,1.31
C00123,100,8,-92,0.92
C00124,100,235,135,1.35
C00125,100,0,-100,1.0
C00126,100,200,100,1.0
C00127,100,17,-83,0.83
C00128,100,0,-100,1.0
C00129,100,1,-99,0.99
C00130,100,43,-57,0.57
C00131,100,0,-100,1.0
C00132,100,195,95,0.95
C00133,100,206,106,1.06
C00134,100,27,-73,0.73
C00135,100,0,-100,1.0
C00136,100,70,-30,0.3
C00137,100,143,43,0.43
C00138,100,200,100,1.0
C00139,100,0,-100,1.0
C00140,100,291,191,1.91
C00141,100,261,161,1.61
C00143,100,1,-99,0.99
C00144,100,133,33,0.33
C00145,100,152,52,0.52
C00146,100,105,5,0.05
C15584,100,193,93,0.93
C00147,100,406,306,3.06
C00148,100,65,-35,0.35
C00149,60,0,-60,1.0
C00150,100,100,0,0.0
C00151,100,15,-85,0.85
C00152,100,0,-100,1.0
C00153,100,320,220,2.2
C00154,100,0,-100,1.0
C00155,100,0,-100,1.0
C00156,100,1,-99,0.99
C00157,100,0,-100,1.0
C00158,150,0,-150,1.0
C00159,100,206,106,1.06
C00160,100,54,-46,0.46
C00161,100,148,48,0.48
C00162,100,357,257,2.57
C00163,100,169,69,0.69
C00164,100,57,-43,0.43
C00165,100,254,154,1.54
C00166,100,116,16,0.16
C00167,100,0,-100,1.0
C00168,100,0,-100,1.0
C00169,100,0,-100,1.0
C00170,100,130,30,0.3
C00173,100,0,-100,1.0
C00174,100,96,-4,0.04
C00175,100,46,-54,0.54
C19171,100,100,0,0.0
C00176,100,110,10,0.1
C00177,100,161,61,0.61
C00178,100,207,107,1.07
C00179,100,23,-77,0.77
C00180,100,100,0,0.0
C00181,100,12,-88,0.88
C00182,100,100,0,0.0
C00183,100,0,-100,1.0
C00184,100,228,128,1.28
C00185,100,31,-69,0.69
C00186,100,36,-64,0.64
C00187,100,0,-100,1.0
C00188,100,0,-100,1.0
C00189,100,202,102,1.02
C00190,100,0,-100,1.0
C00191,100,204,104,1.04
C00192,100,72,-28,0.28
C00193,100,110,10,0.1
C00261,100,321,221,2.21
C00194,100,57,-43,0.43
C00195,100,54,-46,0.46
C00196,100,66,-34,0.34
C00197,2500,2675,175,0.07
C00198,100,210,110,1.1
C00199,111,84,-27,0.24324
C00200,100,100,0,0.0
C00201,100,0,-100,1.0
C00202,100,87,-13,0.13
C00203,100,0,-100,1.0
C00204,100,183,83,0.83
C00205,100,0,-100,1.0
C00206,100,172,72,0.72
C00207,100,131,31,0.31
C00208,100,97,-3,0.03
C00209,100,2,-98,0.98
C00210,100,100,0,0.0
C00211,100,100,0,0.0
C00212,100,105,5,0.05
C00213,100,163,63,0.63
C00214,100,0,-100,1.0
C00215,100,51,-49,0.49
C00216,100,82,-18,0.18
C00217,100,165,65,0.65
C00218,100,127,27,0.27
C00219,100,134,34,0.34
C00220,100,100,0,0.0
C00221,100,165,65,0.65
C00222,100,67,-33,0.33
C00223,100,0,-100,1.0
C00224,100,163,63,0.63
C00225,100,100,0,0.0
C00226,100,122,22,0.22
C00227,100,198,98,0.98
C00229,100,947,847,8.47
C00230,100,212,112,1.12
C00231,138,231,93,0.67391
C00232,100,245,145,1.45
C00233,100,0,-100,1.0
C00234,100,0,-100,1.0
C00235,100,0,-100,1.0
C17627,100,89,-11,0.11
C00236,100,0,-100,1.0
C00237,100,189,89,0.89
C00238,100,100,0,0.0
C00239,100,55,-45,0.45
C00240,100,99,-1,0.01
C00241,100,100,0,0.0
C00242,100,335,235,2.35
C00243,100,69,-31,0.31
C00244,100,0,-100,1.0
C00245,100,9,-91,0.91
C00246,100,229,129,1.29
C00247,100,91,-9,0.09
C00248,100,107,7,0.07
C00249,100,142,42,0.42
C00250,100,192,92,0.92
C00251,100,0,-100,1.0
C00252,100,143,43,0.43
C00253,100,99,-1,0.01
C00254,100,36,-64,0.64
C00255,100,150,50,0.5
C00256,100,99,-1,0.01
C00257,100,43,-57,0.57
C00258,100,194,94,0.94
C00259,100,105,5,0.05
C00262,100,364,264,2.64
C00263,100,39,-61,0.61
C00264,100,142,42,0.42
C00265,100,200,100,1.0
C00266,100,275,175,1.75
C00267,100,59,-41,0.41
C00268,100,10,-90,0.9
C00269,100,16,-84,0.84
C00270,100,1,-99,0.99
C00272,100,112,12,0.12
C00273,100,179,79,0.79
C00275,100,0,-100,1.0
C00279,980,1260,280,0.28571
C00280,100,248,148,1.48
C00282,100,0,-100,1.0
C00283,100,367,267,2.67
C00284,100,99,-1,0.01
C00286,100,0,-100,1.0
C00288,100,0,-100,1.0
C00290,100,100,0,0.0
C00291,100,100,0,0.0
C00292,100,176,76,0.76
C00294,100,57,-43,0.43
C00295,100,220,120,1.2
C00296,100,31,-69,0.69
C00297,100,100,0,0.0
C00298,100,100,0,0.0
C00299,100,1,-99,0.99
C00300,100,112,12,0.12
C00301,100,228,128,1.28
C00302,100,120,20,0.2
C00303,100,100,0,0.0
C00304,100,100,0,0.0
C00305,100,233,133,1.33
C00307,100,0,-100,1.0
C00308,100,100,0,0.0
C00309,100,215,115,1.15
C05052,100,100,0,0.0
C00310,100,143,43,0.43
C00311,170,41,-129,0.75882
C00312,100,126,26,0.26
C00313,100,95,-5,0.05
C00314,100,39,-61,0.61
C00315,100,82,-18,0.18
C00317,100,100,0,0.0
C00318,100,8,-92,0.92
C00319,100,127,27,0.27
C00320,100,0,-100,1.0
C00322,100,78,-22,0.22
C00323,100,0,-100,1.0
C00324,100,100,0,0.0
C00325,100,0,-100,1.0
C00326,100,86,-14,0.14
C00327,100,130,30,0.3
C00328,100,44,-56,0.56
C00329,100,47,-53,0.53
C00330,100,84,-16,0.16
C00331,100,46,-54,0.54
C00332,100,216,116,1.16
C00333,100,54,-46,0.46
C00334,100,0,-100,1.0
C00337,100,0,-100,1.0
C00338,100,114,14,0.14
C00339,100,89,-11,0.11
C00341,100,0,-100,1.0
C00342,100,200,100,1.0
C00343,100,0,-100,1.0
C00344,100,0,-100,1.0
C00345,100,12,-88,0.88
C00346,100,221,121,1.21
C00347,100,160,60,0.6
C00348,100,100,0,0.0
C00349,100,131,31,0.31
C00350,100,0,-100,1.0
C00352,100,129,29,0.29
C00353,100,0,-100,1.0
C00354,272,261,-11,0.04044
C00355,100,0,-100,1.0
C00356,100,0,-100,1.0
C00357,100,0,-100,1.0
C00360,100,77,-23,0.23
C00361,100,152,52,0.52
C00362,100,84,-16,0.16
C00363,100,1905,1805,18.05
C00364,100,235,135,1.35
C00365,100,31,-69,0.69
C00366,100,162,62,0.62
C00369,100,32,-68,0.68
C00370,100,0,-100,1.0
C00371,100,118,18,0.18
C00372,100,88,-12,0.12
C00374,100,100,0,0.0
C00375,100,97,-3,0.03
C00376,100,0,-100,1.0
C00377,100,99,-1,0.01
C00378,100,0,-100,1.0
C00379,100,50,-50,0.5
C00380,100,172,72,0.72
C00381,100,72,-28,0.28
C00383,100,26,-74,0.74
C00384,100,100,0,0.0
C00385,100,210,110,1.1
C00386,100,84,-16,0.16
C00387,100,47,-53,0.53
C00388,100,94,-6,0.06
C00389,100,105,5,0.05
C00390,100,201,101,1.01
C00392,100,69,-31,0.31
C00394,100,26,-74,0.74
C00395,100,53,-47,0.47
C00396,100,176,76,0.76
C00397,100,68,-32,0.32
C00398,100,0,-100,1.0
C00399,100,0,-100,1.0
C00400,100,76,-24,0.24
C00401,100,52,-48,0.48
C00402,1340,1342,2,0.00149
C00403,100,92,-8,0.08
C00404,100,375,275,2.75
C00405,100,265,165,1.65
C00406,100,0,-100,1.0
C00407,100,0,-100,1.0
C00408,100,140,40,0.4
C00409,100,94,-6,0.06
C00410,100,120,20,0.2
C00411,100,0,-100,1.0
C00412,100,62,-38,0.38
C00413,100,117,17,0.17
C00414,100,102,2,0.02
C00415,100,162,62,0.62
C00416,100,161,61,0.61
C00417,100,181,81,0.81
C00418,100,72,-28,0.28
C00419,100,136,36,0.36
C00420,100,113,13,0.13
C00422,100,115,15,0.15
C00423,100,23,-77,0.77
C00424,100,244,144,1.44
C00426,100,100,0,0.0
C00427,100,0,-100,1.0
C00429,100,103,3,0.03
C00430,100,1,-99,0.99
C00431,100,53,-47,0.47
C00433,100,307,207,2.07
C00434,100,100,0,0.0
C00436,100,111,11,0.11
C00437,100,9,-91,0.91
C00438,100,131,31,0.31
C00439,100,134,34,0.34
C00440,100,227,127,1.27
C00441,100,1,-99,0.99
C00445,100,146,46,0.46
C00446,100,156,56,0.56
C00447,100,40,-60,0.6
C00448,100,0,-100,1.0
C00449,100,80,-20,0.2
C00450,100,47,-53,0.53
C00451,100,59,-41,0.41
C00454,100,347,247,2.47
C00455,100,18,-82,0.82
C00458,100,0,-100,1.0
C00459,100,0,-100,1.0
C00460,100,42,-58,0.58
C00461,100,133,33,0.33
C00462,100,215,115,1.15
C00463,100,132,32,0.32
C00464,100,119,19,0.19
C00466,100,36,-64,0.64
C00468,100,164,64,0.64
C00469,100,1,-99,0.99
C00470,100,279,179,1.79
C00472,100,104,4,0.04
C15602,100,0,-100,1.0
C00473,100,0,-100,1.0
C17276,100,85,-15,0.15
C00474,100,104,4,0.04
C00475,100,1,-99,0.99
C00476,100,135,35,0.35
C00477,100,128,28,0.28
C00478,100,100,0,0.0
C00479,100,1,-99,0.99
C00481,100,85,-15,0.15
C00482,100,179,79,0.79
C00483,100,46,-54,0.54
C00484,100,100,0,0.0
C00486,100,74,-26,0.26
C00487,100,23,-77,0.77
C00488,100,51,-49,0.49
C00489,100,119,19,0.19
C00490,100,104,4,0.04
C00491,100,33,-67,0.67
C00492,100,1,-99,0.99
C00493,100,75,-25,0.25
C00494,100,100,0,0.0
C00495,100,98,-2,0.02
C00497,60,1,-59,0.98333
C00498,100,0,-100,1.0
C00499,100,86,-14,0.14
C00500,100,139,39,0.39
C00501,100,58,-42,0.42
C00502,100,81,-19,0.19
C00503,100,98,-2,0.02
C00504,100,133,33,0.33
C00505,100,92,-8,0.08
C00506,100,49,-51,0.51
C00507,100,119,19,0.19
C00508,100,142,42,0.42
C00509,100,0,-100,1.0
C00510,100,87,-13,0.13
C00511,100,106,6,0.06
C00512,100,0,-100,1.0
C00513,100,0,-100,1.0
C00514,100,27,-73,0.73
C00515,100,1,-99,0.99
C00516,100,100,0,0.0
C00517,100,133,33,0.33
C00518,100,100,0,0.0
C00519,100,148,48,0.48
C00521,100,105,5,0.05
C00522,100,88,-12,0.12
C00523,100,68,-32,0.32
C00524,100,55,-45,0.45
C00525,100,85,-15,0.15
C00526,100,78,-22,0.22
C00527,100,96,-4,0.04
C00528,100,100,0,0.0
C00530,100,199,99,0.99
C15603,100,198,98,0.98
C00531,100,229,129,1.29
C00532,100,63,-37,0.37
C00533,100,0,-100,1.0
C00534,100,0,-100,1.0
C00535,100,59,-41,0.41
C00536,100,144,44,0.44
C00538,100,87,-13,0.13
C00539,100,126,26,0.26
C00540,100,123,23,0.23
C00541,100,205,105,1.05
C00542,100,55,-45,0.45
C00543,100,168,68,0.68
C00544,100,21,-79,0.79
C00545,100,65,-35,0.35
C00546,100,172,72,0.72
C00547,100,99,-1,0.01
C00548,100,147,47,0.47
C15583,100,87,-13,0.13
C00549,100,100,0,0.0
C00550,100,105,5,0.05
C00551,100,100,0,0.0
C00552,100,138,38,0.38
C00553,100,76,-24,0.24
C00555,100,97,-3,0.03
C00556,100,80,-20,0.2
C03485,100,64,-36,0.36
C00557,100,103,3,0.03
C00558,100,146,46,0.46
C00559,100,57,-43,0.43
C00563,100,100,0,0.0
C00565,100,155,55,0.55
C00566,100,64,-36,0.36
C00568,100,0,-100,1.0
C00569,100,100,0,0.0
C00570,100,0,-100,1.0
C00571,100,131,31,0.31
C00574,100,100,0,0.0
C00575,8,0,-8,1.0
C00576,100,123,23,0.23
C00577,100,244,144,1.44
C00579,100,93,-7,0.07
C00580,100,166,66,0.66
C00581,100,99,-1,0.01
C00582,100,0,-100,1.0
C00583,100,4,-96,0.96
C00584,100,90,-10,0.1
C00586,100,138,38,0.38
C00587,100,234,134,1.34
C00588,100,128,28,0.28
C00590,100,0,-100,1.0
C00591,100,128,28,0.28
C00593,100,40,-60,0.6
C00596,100,162,62,0.62
C00597,100,100,0,0.0
C00599,100,152,52,0.52
C00601,100,183,83,0.83
C00602,100,83,-17,0.17
C00603,100,44,-56,0.56
C00604,100,100,0,0.0
C00605,100,0,-100,1.0
C00606,100,23,-77,0.77
C00607,100,100,0,0.0
C00609,100,0,-100,1.0
C00611,100,91,-9,0.09
C00612,100,100,0,0.0
C00616,100,99,-1,0.01
C00617,100,0,-100,1.0
C00618,100,26,-74,0.74
C00619,100,182,82,0.82
C00620,100,397,297,2.97
C00621,100,75,-25,0.25
C00623,100,92,-8,0.08
C00624,100,156,56,0.56
C00625,100,138,38,0.38
C00627,100,177,77,0.77
C00628,100,58,-42,0.42
C00630,100,0,-100,1.0
C00631,100,6,-94,0.94
C00632,100,106,6,0.06
C00633,100,205,105,1.05
C00634,100,97,-3,0.03
C00635,100,102,2,0.02
C00636,100,252,152,1.52
C00637,100,213,113,1.13
C00638,100,111,11,0.11
C00639,100,84,-16,0.16
C00640,100,6,-94,0.94
C00641,100,92,-8,0.08
C00642,100,99,-1,0.01
C00643,100,31,-69,0.69
C00644,100,52,-48,0.48
C00645,100,109,9,0.09
C00647,100,45,-55,0.55
C00650,100,98,-2,0.02
C00651,100,71,-29,0.29
C00652,100,108,8,0.08
C00653,100,93,-7,0.07
C00655,100,60,-40,0.4
C00658,100,134,34,0.34
C00659,100,100,0,0.0
C00661,100,100,0,0.0
C00662,100,61,-39,0.39
C00663,100,318,218,2.18
C00664,100,0,-100,1.0
C00665,100,49,-51,0.51
C00666,100,58,-42,0.42
C00668,100,133,33,0.33
C00669,100,13,-87,0.87
C00670,100,82,-18,0.18
C00671,100,10,-90,0.9
C00672,100,272,172,1.72
C00673,100,43,-57,0.57
C00674,100,115,15,0.15
C00676,100,125,25,0.25
C00679,100,230,130,1.3
C00680,100,105,5,0.05
C00681,100,138,38,0.38
C00682,100,146,46,0.46
C00683,100,0,-100,1.0
C00684,100,58,-42,0.42
C00686,100,120,20,0.2
C00688,100,134,34,0.34
C00689,100,101,1,0.01
C00691,100,46,-54,0.54
C00692,100,100,0,0.0
C00694,100,43,-57,0.57
C00695,100,0,-100,1.0
C00696,100,88,-12,0.12
C00697,100,206,106,1.06
C00698,100,779,679,6.79
C00700,100,93,-7,0.07
C00701,100,176,76,0.76
C00703,100,219,119,1.19
C00704,100,70,-30,0.3
C00705,100,109,9,0.09
C00706,100,118,18,0.18
C00707,100,100,0,0.0
C00708,100,54,-46,0.46
C00711,100,100,0,0.0
C00712,100,152,52,0.52
C00713,100,100,0,0.0
C00714,100,100,0,0.0
C00715,100,86,-14,0.14
C00716,100,35,-65,0.65
C00717,100,72,-28,0.28
C00718,100,271,171,1.71
C00719,100,84,-16,0.16
C00720,100,103,3,0.03
C01324,100,160,60,0.6
C00722,100,84,-16,0.16
C00723,100,95,-5,0.05
C00725,100,100,0,0.0
C00726,100,224,124,1.24
C00727,100,158,58,0.58
C00729,100,0,-100,1.0
C00732,100,100,0,0.0
C00734,100,113,13,0.13
C00735,100,0,-100,1.0
C00736,100,100,0,0.0
C00737,100,142,42,0.42
C00738,100,7,-93,0.93
C00739,100,0,-100,1.0
C00740,100,24,-76,0.76
C00741,100,87,-13,0.13
C00742,100,99,-1,0.01
C00744,100,100,0,0.0
C00745,100,5,-95,0.95
C00746,100,100,0,0.0
C00747,100,60,-40,0.4
C00748,100,15,-85,0.85
C00750,100,106,6,0.06
C00751,100,0,-100,1.0
C00752,100,100,0,0.0
C00753,100,100,0,0.0
C00755,100,118,18,0.18
C00756,100,91,-9,0.09
C00757,100,113,13,0.13
C00758,100,100,0,0.0
C00760,100,234,134,1.34
C00761,100,79,-21,0.21
C00762,100,157,57,0.57
C00763,100,175,75,0.75
C00764,100,166,66,0.66
C00765,100,100,0,0.0
C00766,100,105,5,0.05
C00768,100,100,0,0.0
C00770,100,56,-44,0.44
C00771,100,100,0,0.0
C00772,100,117,17,0.17
C00773,100,100,0,0.0
C00774,100,82,-18,0.18
C00777,100,97,-3,0.03
C00779,100,33,-67,0.67
C00780,100,90,-10,0.1
C00783,100,158,58,0.58
C00785,100,178,78,0.78
C00786,100,60,-40,0.4
C00787,100,162,62,0.62
C00788,100,101,1,0.01
C00789,100,66,-34,0.34
C00791,100,125,25,0.25
C00792,100,49,-51,0.51
C00793,100,108,8,0.08
C00794,100,91,-9,0.09
C00795,100,67,-33,0.33
C00796,100,100,0,0.0
C00797,100,142,42,0.42
C00798,100,90,-10,0.1
C00799,100,100,0,0.0
C00800,100,91,-9,0.09
C00801,100,157,57,0.57
C00802,100,181,81,0.81
C00803,100,111,11,0.11
C00804,100,105,5,0.05
C00805,100,261,161,1.61
C00806,100,99,-1,0.01
C00807,100,100,0,0.0
C00808,100,105,5,0.05
C00809,100,106,6,0.06
C00810,100,66,-34,0.34
C00811,100,14,-86,0.86
C00812,100,115,15,0.15
C00813,100,88,-12,0.12
C00814,100,117,17,0.17
C00815,100,85,-15,0.15
C00817,100,38,-62,0.62
C00818,100,0,-100,1.0
C00819,100,0,-100,1.0
C00820,100,79,-21,0.21
C00822,100,39,-61,0.61
C00823,100,90,-10,0.1
C00824,100,100,0,0.0
C00825,100,94,-6,0.06
C00826,100,0,-100,1.0
C00827,100,0,-100,1.0
C00828,100,2,-98,0.98
C00829,100,100,0,0.0
C00830,100,166,66,0.66
C00831,100,105,5,0.05
C00832,100,146,46,0.46
C00835,100,180,80,0.8
C00836,100,101,1,0.01
C00837,100,100,0,0.0
C00840,100,100,0,0.0
C00841,100,100,0,0.0
C00842,100,3,-97,0.97
C00843,100,164,64,0.64
C00844,100,31,-69,0.69
C00845,100,97,-3,0.03
C00846,100,69,-31,0.31
C00847,100,107,7,0.07
C00848,100,109,9,0.09
C00849,100,92,-8,0.08
C01883,100,94,-6,0.06
C00852,100,63,-37,0.37
C00853,100,24,-76,0.76
C00854,100,133,33,0.33
C00855,100,87,-13,0.13
C00857,100,70,-30,0.3
C00858,100,205,105,1.05
C00859,100,160,60,0.6
C00860,100,101,1,0.01
C00861,100,140,40,0.4
C00862,100,162,62,0.62
C00864,100,70,-30,0.3
C00865,100,59,-41,0.41
C00869,100,115,15,0.15
C00870,100,153,53,0.53
C00871,100,100,0,0.0
C00872,100,46,-54,0.54
C00873,100,100,0,0.0
C00875,100,100,0,0.0
C00876,100,1,-99,0.99
C00877,100,482,382,3.82
C00878,100,80,-20,0.2
C00879,100,0,-100,1.0
C00880,100,95,-5,0.05
C00881,100,81,-19,0.19
C00882,100,80,-20,0.2
C00884,100,86,-14,0.14
C00885,100,54,-46,0.46
C00886,100,0,-100,1.0
C00887,100,189,89,0.89
C00888,100,158,58,0.58
C00889,100,100,0,0.0
C00891,100,63,-37,0.37
C00892,100,137,37,0.37
C00893,100,100,0,0.0
C00894,100,270,170,1.7
C00895,100,100,0,0.0
C00896,100,100,0,0.0
C00897,100,53,-47,0.47
C00898,100,0,-100,1.0
C00899,100,135,35,0.35
C00900,100,0,-100,1.0
C00902,100,124,24,0.24
C00903,100,39,-61,0.61
C00904,100,50,-50,0.5
C00905,100,200,100,1.0
C00906,100,91,-9,0.09
C00908,100,130,30,0.3
C00909,100,111,11,0.11
C00911,100,134,34,0.34
C00913,100,100,0,0.0
C00915,100,100,0,0.0
C00916,100,15,-85,0.85
C00917,100,100,0,0.0
C00918,100,83,-17,0.17
C00919,100,84,-16,0.16
C00920,100,150,50,0.5
C00921,100,161,61,0.61
C00922,100,125,25,0.25
C00923,100,68,-32,0.32
C00924,100,132,32,0.32
C00925,100,100,0,0.0
C00927,100,55,-45,0.45
C00928,100,100,0,0.0
C00930,100,100,0,0.0
C00931,100,53,-47,0.47
C00933,100,19,-81,0.81
C00934,100,98,-2,0.02
C00935,100,0,-100,1.0
C00936,100,119,19,0.19
C00937,100,134,34,0.34
C00938,100,100,0,0.0
C00939,100,100,0,0.0
C00940,100,218,118,1.18
C00941,100,101,1,0.01
C00942,100,85,-15,0.15
C00943,100,107,7,0.07
C00944,100,196,96,0.96
C00946,100,100,0,0.0
C00949,100,100,0,0.0
C00950,100,68,-32,0.32
C00951,100,70,-30,0.3
C00954,100,135,35,0.35
C00955,100,75,-25,0.25
C00956,100,117,17,0.17
C00957,100,77,-23,0.23
C00958,100,132,32,0.32
C00959,100,100,0,0.0
C00961,100,99,-1,0.01
C00962,100,100,0,0.0
C00963,100,80,-20,0.2
C00964,100,78,-22,0.22
C00965,100,174,74,0.74
C00966,100,76,-24,0.24
C00968,100,100,0,0.0
C00969,100,154,54,0.54
C00971,100,91,-9,0.09
C00973,100,132,32,0.32
C00974,100,119,19,0.19
C00975,100,73,-27,0.27
C00976,100,0,-100,1.0
C00977,100,87,-13,0.13
C00978,100,114,14,0.14
C00979,100,0,-100,1.0
C00980,100,83,-17,0.17
C00982,100,98,-2,0.02
C00984,100,134,34,0.34
C01582,100,117,17,0.17
C00985,100,100,0,0.0
C00986,100,208,108,1.08
C00988,100,84,-16,0.16
C00989,100,55,-45,0.45
C00990,100,86,-14,0.14
C00992,100,10,-90,0.9
C00993,100,88,-12,0.12
C00994,100,100,0,0.0
C00995,100,0,-100,1.0
C00996,100,2,-98,0.98
C00997,100,0,-100,1.0
C00998,100,200,100,1.0
C01000,100,200,100,1.0
C01001,100,38,-62,0.62
C01004,100,100,0,0.0
C01005,100,0,-100,1.0
C01007,100,74,-26,0.26
C01008,100,47,-53,0.53
C01009,100,100,0,0.0
C01010,100,129,29,0.29
C01011,100,56,-44,0.44
C01012,100,71,-29,0.29
C01013,100,110,10,0.1
C01014,100,100,0,0.0
C01015,100,100,0,0.0
C01017,100,100,0,0.0
C01018,100,100,0,0.0
C01019,100,67,-33,0.33
C01020,100,69,-31,0.31
C01021,100,61,-39,0.39
C01023,100,100,0,0.0
C01024,100,12,-88,0.88
C01025,100,2,-98,0.98
C01026,100,128,28,0.28
C01028,100,85,-15,0.15
C01029,100,84,-16,0.16
C01031,100,107,7,0.07
C01032,100,100,0,0.0
C01033,100,90,-10,0.1
C01034,100,51,-49,0.49
C01035,100,124,24,0.24
C01036,100,42,-58,0.58
C01037,100,118,18,0.18
C01040,100,70,-30,0.3
C01041,100,42,-58,0.58
C01042,100,110,10,0.1
C01043,100,81,-19,0.19
C01044,100,98,-2,0.02
C01045,100,127,27,0.27
C01046,100,137,37,0.37
C01047,100,86,-14,0.14
C01048,100,99,-1,0.01
C01050,100,80,-20,0.2
C01051,100,83,-17,0.17
C01053,100,96,-4,0.04
C01054,100,0,-100,1.0
C01056,100,105,5,0.05
C01058,100,86,-14,0.14
C01059,100,101,1,0.01
C01060,100,31,-69,0.69
C01061,100,197,97,0.97
C01062,100,127,27,0.27
C01063,100,71,-29,0.29
C01064,100,87,-13,0.13
C01066,100,86,-14,0.14
C01067,100,100,0,0.0
C01068,100,73,-27,0.27
C01069,100,99,-1,0.01
C01070,100,0,-100,1.0
C01071,100,200,100,1.0
C01073,100,86,-14,0.14
C01074,100,100,0,0.0
C01075,100,103,3,0.03
C01076,100,100,0,0.0
C01077,100,0,-100,1.0
C01079,100,66,-34,0.34
C01080,100,200,100,1.0
C01081,100,189,89,0.89
C01083,100,141,41,0.41
C01086,100,0,-100,1.0
C01087,100,61,-39,0.39
C01088,100,98,-2,0.02
C01089,100,129,29,0.29
C01090,100,44,-56,0.56
C01091,100,93,-7,0.07
C01092,100,172,72,0.72
C01093,100,125,25,0.25
C01094,100,72,-28,0.28
C01095,100,100,0,0.0
C01096,100,51,-49,0.49
C01097,100,103,3,0.03
C01099,100,63,-37,0.37
C01100,100,65,-35,0.35
C01101,111,34,-77,0.69369
C01102,100,90,-10,0.1
C01103,100,20,-80,0.8
C01104,100,62,-38,0.38
C01107,100,99,-1,0.01
C01108,100,90,-10,0.1
C01109,100,85,-15,0.15
C01110,100,72,-28,0.28
C01111,100,111,11,0.11
C01112,100,81,-19,0.19
C01113,100,87,-13,0.13
C01114,100,117,17,0.17
C01115,100,77,-23,0.23
C01117,100,105,5,0.05
C01118,100,53,-47,0.47
C01119,100,0,-100,1.0
C01120,100,37,-63,0.63
C01121,100,82,-18,0.18
C01122,100,140,40,0.4
C01123,100,96,-4,0.04
C01124,100,99,-1,0.01
C01125,100,129,29,0.29
C01126,100,69,-31,0.31
C01127,100,73,-27,0.27
C01131,100,51,-49,0.49
C01132,100,46,-54,0.54
C01133,100,102,2,0.02
C01134,100,260,160,1.6
C01136,100,100,0,0.0
C01137,100,0,-100,1.0
C01138,100,37,-63,0.63
C01142,100,73,-27,0.27
C01143,100,96,-4,0.04
C01144,100,84,-16,0.16
C01146,100,274,174,1.74
C01147,100,115,15,0.15
C01149,100,47,-53,0.53
C01151,100,324,224,2.24
C01152,100,119,19,0.19
C01153,100,82,-18,0.18
C01155,100,101,1,0.01
C01156,100,99,-1,0.01
C01157,100,0,-100,1.0
C01158,100,0,-100,1.0
C01159,100,83,-17,0.17
C01161,100,112,12,0.12
C01162,100,115,15,0.15
C01163,100,199,99,0.99
C01164,100,82,-18,0.18
C01165,100,83,-17,0.17
C01166,100,117,17,0.17
C01168,100,146,46,0.46
C01169,100,100,0,0.0
C01170,100,133,33,0.33
C01171,100,86,-14,0.14
C01172,100,246,146,1.46
C01173,100,177,77,0.77
C01175,100,2,-98,0.98
C01176,100,126,26,0.26
C01177,100,158,58,0.58
C01179,100,103,3,0.03
C01180,100,161,61,0.61
C01181,100,153,53,0.53
C01182,100,123,23,0.23
C01183,100,53,-47,0.47
C01185,100,0,-100,1.0
C01186,100,144,44,0.44
C01187,100,99,-1,0.01
C01188,100,109,9,0.09
C01189,100,44,-56,0.56
C01190,100,89,-11,0.11
C01191,100,61,-39,0.39
C01192,100,120,20,0.2
C01194,100,93,-7,0.07
C01197,100,127,27,0.27
C01481,100,100,0,0.0
C01198,100,59,-41,0.41
C01200,100,22,-78,0.78
C01201,100,82,-18,0.18
C01204,100,8,-92,0.92
C01205,100,81,-19,0.19
C01207,100,100,0,0.0
C01209,100,0,-100,1.0
C01210,100,98,-2,0.02
C01211,100,98,-2,0.02
C01212,100,99,-1,0.01
C01213,100,0,-100,1.0
C01214,100,118,18,0.18
C01215,100,95,-5,0.05
C01216,100,87,-13,0.13
C01217,100,0,-100,1.0
C01218,100,128,28,0.28
C01219,100,152,52,0.52
C01220,100,127,27,0.27
C01221,100,181,81,0.81
C01222,100,140,40,0.4
C01223,100,100,0,0.0
C01225,100,66,-34,0.34
C01226,100,172,72,0.72
C01227,100,125,25,0.25
C01228,100,93,-7,0.07
C01230,100,17,-83,0.83
C01231,100,196,96,0.96
C01233,100,125,25,0.25
C01234,100,87,-13,0.13
C01235,100,45,-55,0.55
C01236,100,160,60,0.6
C01239,100,134,34,0.34
C01240,100,57,-43,0.43
C01241,100,100,0,0.0
C01242,100,109,9,0.09
C01243,100,74,-26,0.26
C01244,100,128,28,0.28
C01245,100,115,15,0.15
C01246,100,85,-15,0.15
C01249,100,90,-10,0.1
C01250,100,107,7,0.07
C01251,100,5,-95,0.95
C01252,100,111,11,0.11
C01255,100,142,42,0.42
C01259,100,152,52,0.52
C01260,100,81,-19,0.19
C01261,100,83,-17,0.17
C01262,100,81,-19,0.19
C01263,100,99,-1,0.01
C01264,100,95,-5,0.05
C01265,100,100,0,0.0
C01266,100,100,0,0.0
C01267,100,173,73,0.73
C01268,100,128,28,0.28
C01269,100,90,-10,0.1
C01270,100,144,44,0.44
C01272,100,70,-30,0.3
C01273,100,105,5,0.05
C01274,100,149,49,0.49
C01275,100,81,-19,0.19
C01277,100,85,-15,0.15
C01278,100,0,-100,1.0
C01279,100,110,10,0.1
C01280,100,102,2,0.02
C01282,100,91,-9,0.09
C01283,100,80,-20,0.2
C01284,100,150,50,0.5
C01285,100,100,0,0.0
C01286,100,57,-43,0.43
C01288,100,87,-13,0.13
C01289,100,0,-100,1.0
C01290,100,80,-20,0.2
C01291,100,143,43,0.43
C01292,100,139,39,0.39
C01294,100,107,7,0.07
C01295,100,139,39,0.39
C01297,100,117,17,0.17
C01298,100,68,-32,0.32
C01300,100,173,73,0.73
C01301,100,149,49,0.49
C01302,100,93,-7,0.07
C01304,100,0,-100,1.0
C01306,100,99,-1,0.01
C01310,100,141,41,0.41
C01311,100,125,25,0.25
C01312,100,85,-15,0.15
C01313,100,100,0,0.0
C01314,100,100,0,0.0
C01316,100,100,0,0.0
C01319,100,74,-26,0.26
C01321,100,100,0,0.0
C01322,100,86,-14,0.14
C01326,100,235,135,1.35
C01327,100,1752,1652,16.52
C01328,100,105,5,0.05
C01329,100,98,-2,0.02
C02520,100,81,-19,0.19
C01330,100,210,110,1.1
C01336,100,120,20,0.2
C01341,100,100,0,0.0
C01342,100,100,0,0.0
C01343,100,51,-49,0.49
C01344,100,85,-15,0.15
C01345,100,90,-10,0.1
C01346,100,147,47,0.47
C01347,100,100,0,0.0
C01348,100,100,0,0.0
C01349,100,100,0,0.0
C01352,100,188,88,0.88
C01353,100,78,-22,0.22
C01355,100,100,0,0.0
C01356,100,109,9,0.09
C01358,100,100,0,0.0
C01359,100,123,23,0.23
C01362,100,100,0,0.0
C01365,100,100,0,0.0
C01367,100,99,-1,0.01
C01368,100,94,-6,0.06
C01370,100,128,28,0.28
C01371,100,150,50,0.5
C01372,100,137,37,0.37
C01375,100,100,0,0.0
C01378,100,168,68,0.68
C01380,100,127,27,0.27
C15588,100,116,16,0.16
C01382,100,86,-14,0.14
C01384,100,71,-29,0.29
C01386,100,100,0,0.0
C01387,100,100,0,0.0
C01389,100,121,21,0.21
C01390,100,100,0,0.0
C17628,100,111,11,0.11
C01394,100,100,0,0.0
C01397,100,100,0,0.0
C01399,100,100,0,0.0
C01401,100,53,-47,0.47
C01402,100,89,-11,0.11
C01403,100,100,0,0.0
C01404,100,100,0,0.0
C01405,100,85,-15,0.15
C01407,100,145,45,0.45
C01408,100,57,-43,0.43
C01410,100,100,0,0.0
C01411,100,100,0,0.0
C01412,100,0,-100,1.0
C01413,100,100,0,0.0
C01414,100,106,6,0.06
C01416,100,192,92,0.92
C01417,100,68,-32,0.32
C01418,100,100,0,0.0
C01419,100,120,20,0.2
C01420,100,91,-9,0.09
C01421,100,100,0,0.0
C01424,100,128,28,0.28
C01425,100,100,0,0.0
C01432,100,137,37,0.37
C01433,100,102,2,0.02
C01438,100,180,80,0.8
C01441,100,0,-100,1.0
C01443,100,100,0,0.0
C01444,100,69,-31,0.31
C01445,100,100,0,0.0
C01448,100,101,1,0.01
C01449,100,49,-51,0.51
C01450,100,203,103,1.03
C01451,100,96,-4,0.04
C01452,100,100,0,0.0
C01453,100,100,0,0.0
C01454,100,103,3,0.03
C01455,100,114,14,0.14
C01456,100,97,-3,0.03
C01457,100,100,0,0.0
C01458,100,100,0,0.0
C01460,100,148,48,0.48
C01464,100,100,0,0.0
C01467,100,144,44,0.44
C01468,100,192,92,0.92
C01469,100,89,-11,0.11
C01470,100,100,0,0.0
C01471,100,206,106,1.06
C01474,100,100,0,0.0
C01477,100,0,-100,1.0
C01478,100,100,0,0.0
C01479,100,86,-14,0.14
C01484,100,100,0,0.0
C01485,100,59,-41,0.41
C01486,100,141,41,0.41
C01487,100,100,0,0.0
C01488,100,111,11,0.11
C01489,100,90,-10,0.1
C01490,100,142,42,0.42
C01493,100,54,-46,0.46
C01494,100,102,2,0.02
C01495,100,97,-3,0.03
C01496,100,100,0,0.0
C01498,100,100,0,0.0
C01499,100,181,81,0.81
C01500,100,0,-100,1.0
C01501,100,100,0,0.0
C01502,100,108,8,0.08
C15572,100,100,0,0.0
C01504,100,45,-55,0.55
C01505,100,100,0,0.0
C01506,100,69,-31,0.31
C01507,100,86,-14,0.14
C01508,100,151,51,0.51
C01512,100,58,-42,0.42
C01513,100,107,7,0.07
C01514,100,98,-2,0.02
C01516,100,42,-58,0.58
C01518,100,71,-29,0.29
C01523,100,100,0,0.0
C01525,100,100,0,0.0
C01526,100,96,-4,0.04
C01527,100,101,1,0.01
C01528,100,99,-1,0.01
C01529,100,3,-97,0.97
C01530,100,128,28,0.28
C01531,100,100,0,0.0
C01533,100,90,-10,0.1
C01536,100,100,0,0.0
C01537,100,78,-22,0.22
C01540,100,97,-3,0.03
C01541,100,100,0,0.0
C01542,100,101,1,0.01
C01545,100,109,9,0.09
C01546,100,140,40,0.4
C01547,100,142,42,0.42
C01548,100,141,41,0.41
C01550,100,52,-48,0.48
C01551,100,100,0,0.0
C01552,100,100,0,0.0
C01553,100,100,0,0.0
C01554,100,100,0,0.0
C01555,100,100,0,0.0
C01557,100,100,0,0.0
C01558,100,100,0,0.0
C01559,100,100,0,0.0
C01561,100,89,-11,0.11
C01562,100,56,-44,0.44
C01563,100,195,95,0.95
C01564,100,110,10,0.1
C01566,100,159,59,0.59
C01567,100,100,0,0.0
C01569,100,89,-11,0.11
C01570,100,100,0,0.0
C01571,100,116,16,0.16
C01572,100,88,-12,0.12
C01573,100,111,11,0.11
C01574,100,100,0,0.0
C01575,100,94,-6,0.06
C01576,100,100,0,0.0
C01579,100,100,0,0.0
C01585,100,115,15,0.15
C01586,100,115,15,0.15
C01588,100,100,0,0.0
C01589,100,89,-11,0.11
C01590,100,144,44,0.44
C01591,100,100,0,0.0
C01592,100,99,-1,0.01
C01593,100,116,16,0.16
C01594,100,82,-18,0.18
C01595,100,90,-10,0.1
C01596,100,180,80,0.8
C01598,100,98,-2,0.02
C01601,100,100,0,0.0
C01602,100,133,33,0.33
C01604,100,101,1,0.01
C01606,100,141,41,0.41
C01607,100,98,-2,0.02
C01608,100,100,0,0.0
C01610,100,118,18,0.18
C01612,100,40,-60,0.6
C01613,100,89,-11,0.11
C01614,100,100,0,0.0
C01615,100,100,0,0.0
C01616,100,95,-5,0.05
C01617,100,119,19,0.19
C01618,100,108,8,0.08
C01619,100,100,0,0.0
C01620,100,92,-8,0.08
C01621,100,100,0,0.0
C01623,100,55,-45,0.45
C01624,100,73,-27,0.27
C01625,100,63,-37,0.37
C01626,100,51,-49,0.49
C01628,100,45,-55,0.55
C01629,100,112,12,0.12
C01630,100,100,0,0.0
C01632,100,100,0,0.0
C01633,100,100,0,0.0
C01635,100,210,110,1.1
C01636,100,113,13,0.13
C01637,100,98,-2,0.02
C01638,100,100,0,0.0
C01639,100,100,0,0.0
C01640,100,96,-4,0.04
C01641,100,145,45,0.45
C01642,100,200,100,1.0
C01643,100,99,-1,0.01
C01644,100,100,0,0.0
C01645,100,208,108,1.08
C01646,100,112,12,0.12
C01647,100,98,-2,0.02
C01648,100,117,17,0.17
C01649,100,99,-1,0.01
C01650,100,100,0,0.0
C01651,100,96,-4,0.04
C01652,100,98,-2,0.02
C01653,100,98,-2,0.02
C01654,100,100,0,0.0
C01655,100,100,0,0.0
C01656,100,87,-13,0.13
C01657,100,100,0,0.0
C01658,100,100,0,0.0
C01659,100,100,0,0.0
C01661,100,101,1,0.01
C01663,100,100,0,0.0
C01664,100,54,-46,0.46
C01667,100,133,33,0.33
C01670,100,100,0,0.0
C01672,100,0,-100,1.0
C01673,100,100,0,0.0
C01674,100,36,-64,0.64
C01675,100,100,0,0.0
C01677,100,81,-19,0.19
C01678,100,106,6,0.06
C01680,100,52,-48,0.48
C01682,100,94,-6,0.06
C01683,100,100,0,0.0
C01684,100,100,0,0.0
C01685,100,108,8,0.08
C01687,100,100,0,0.0
C01688,100,100,0,0.0
C01690,100,100,0,0.0
C01691,100,100,0,0.0
C01692,100,100,0,0.0
C01693,100,0,-100,1.0
C01694,100,100,0,0.0
C01695,100,100,0,0.0
C01697,100,157,57,0.57
C01698,100,94,-6,0.06
C01699,100,201,101,1.01
C01700,100,100,0,0.0
C01701,100,100,0,0.0
C15601,100,101,1,0.01
C01705,100,100,0,0.0
C01706,100,100,0,0.0
C01708,100,53,-47,0.47
C01709,100,139,39,0.39
C01710,100,71,-29,0.29
C01711,100,116,16,0.16
C01712,100,100,0,0.0
C01714,100,113,13,0.13
C01716,100,100,0,0.0
C01717,100,152,52,0.52
C01718,100,100,0,0.0
C01719,100,105,5,0.05
C01720,100,78,-22,0.22
C01721,100,161,61,0.61
C01722,100,95,-5,0.05
C01723,100,100,0,0.0
C01724,100,47,-53,0.53
C01725,100,168,68,0.68
C01726,100,156,56,0.56
C01727,100,117,17,0.17
C01728,100,87,-13,0.13
C01729,100,100,0,0.0
C01731,100,100,0,0.0
C01732,100,91,-9,0.09
C01733,100,100,0,0.0
C01735,100,137,37,0.37
C01736,100,100,0,0.0
C15586,100,0,-100,1.0
C01737,100,156,56,0.56
C01739,100,138,38,0.38
C01740,100,100,0,0.0
C01742,100,113,13,0.13
C01743,100,25,-75,0.75
C01744,100,107,7,0.07
C01745,100,100,0,0.0
C01746,100,92,-8,0.08
C01747,100,105,5,0.05
C01748,100,100,0,0.0
C01750,100,90,-10,0.1
C01751,100,150,50,0.5
C01752,100,149,49,0.49
C01753,100,143,43,0.43
C01755,100,131,31,0.31
C01756,100,100,0,0.0
C02380,100,100,0,0.0
C01757,100,115,15,0.15
C01759,100,68,-32,0.32
C01760,100,95,-5,0.05
C01761,100,128,28,0.28
C01762,100,78,-22,0.22
C01765,100,104,4,0.04
C01766,100,94,-6,0.06
C01767,100,129,29,0.29
C01768,100,152,52,0.52
C01769,100,227,127,1.27
C01770,100,88,-12,0.12
C01771,100,108,8,0.08
C01772,100,109,9,0.09
C01775,100,85,-15,0.15
C01776,100,100,0,0.0
C01777,100,88,-12,0.12
C01779,100,100,0,0.0
C01780,100,80,-20,0.2
C01782,100,100,0,0.0
C01783,100,100,0,0.0
C01784,100,100,0,0.0
C01785,100,96,-4,0.04
C01788,100,86,-14,0.14
C01789,100,110,10,0.1
C01790,100,100,0,0.0
C01792,100,124,24,0.24
C01793,100,100,0,0.0
C01794,100,43,-57,0.57
C01795,100,100,0,0.0
C01796,100,100,0,0.0
C01798,100,100,0,0.0
C01799,100,100,0,0.0
C01800,100,100,0,0.0
C01801,100,141,41,0.41
C01802,100,145,45,0.45
C01804,100,100,0,0.0
C01806,100,100,0,0.0
C01810,100,97,-3,0.03
C02101,100,103,3,0.03
C01812,100,86,-14,0.14
C01813,100,100,0,0.0
C01814,100,100,0,0.0
C01816,100,100,0,0.0
C01817,100,93,-7,0.07
C01818,100,101,1,0.01
C01819,100,100,0,0.0
C01821,100,100,0,0.0
C01822,100,52,-48,0.48
C01823,100,124,24,0.24
C01825,100,82,-18,0.18
C01826,100,105,5,0.05
C01829,100,118,18,0.18
C01832,100,149,49,0.49
C01833,100,100,0,0.0
C01834,100,100,0,0.0
C01835,100,100,0,0.0
C01836,100,100,0,0.0
C01837,100,107,7,0.07
C01838,100,100,0,0.0
C01839,100,60,-40,0.4
C01841,100,100,0,0.0
C01842,100,89,-11,0.11
C01843,100,100,0,0.0
C01844,100,100,0,0.0
C01845,100,144,44,0.44
C01847,100,75,-25,0.25
C01848,100,137,37,0.37
C01849,100,100,0,0.0
C01850,100,110,10,0.1
C01851,100,101,1,0.01
C01852,100,43,-57,0.57
C01853,100,114,14,0.14
C01854,100,100,0,0.0
C01855,100,102,2,0.02
C01857,100,110,10,0.1
C01860,100,54,-46,0.46
C01861,100,80,-20,0.2
C01863,100,151,51,0.51
C01864,100,100,0,0.0
C01866,100,92,-8,0.08
C01868,100,109,9,0.09
C01869,100,57,-43,0.43
C01870,100,137,37,0.37
C01871,100,100,0,0.0
C01872,100,79,-21,0.21
C01874,100,100,0,0.0
C01875,100,158,58,0.58
C01876,100,179,79,0.79
C01877,100,121,21,0.21
C01879,100,311,211,2.11
C01880,100,89,-11,0.11
C01881,100,118,18,0.18
C01882,100,100,0,0.0
C01884,100,115,15,0.15
C01885,100,150,50,0.5
C15590,100,97,-3,0.03
C01887,100,100,0,0.0
C01888,100,80,-20,0.2
C01889,100,100,0,0.0
C01890,100,123,23,0.23
C01892,100,63,-37,0.37
C01893,100,84,-16,0.16
C01894,100,159,59,0.59
C01897,100,140,40,0.4
C01898,100,64,-36,0.36
C01902,100,69,-31,0.31
C01904,100,54,-46,0.46
C01905,100,100,0,0.0
C01906,100,100,0,0.0
C01907,100,47,-53,0.53
C01909,100,101,1,0.01
C01910,100,87,-13,0.13
C01912,100,100,0,0.0
C01913,100,100,0,0.0
C01917,100,101,1,0.01
C01918,100,84,-16,0.16
C01920,100,155,55,0.55
C01921,100,126,26,0.26
C01923,100,94,-6,0.06
C01924,100,119,19,0.19
C01925,100,97,-3,0.03
C01926,100,100,0,0.0
C01927,100,100,0,0.0
C01928,100,100,0,0.0
C01929,100,107,7,0.07
C01930,100,100,0,0.0
C01931,100,88,-12,0.12
C01933,100,76,-24,0.24
C01934,100,53,-47,0.47
C01935,100,68,-32,0.32
C01936,100,100,0,0.0
C01937,100,100,0,0.0
C01938,100,100,0,0.0
C01941,100,146,46,0.46
C01942,100,100,0,0.0
C01943,100,144,44,0.44
C01944,100,0,-100,1.0
C01945,100,100,0,0.0
C01946,100,127,27,0.27
C01948,100,103,3,0.03
C01949,100,113,13,0.13
C01950,100,100,0,0.0
C01951,100,132,32,0.32
C01952,100,100,0,0.0
C01953,100,48,-52,0.52
C01956,100,100,0,0.0
C01957,100,98,-2,0.02
C01958,100,150,50,0.5
C01959,100,111,11,0.11
C01960,100,100,0,0.0
C01961,100,100,0,0.0
C01962,100,114,14,0.14
C01963,100,100,0,0.0
C01964,100,100,0,0.0
C01965,100,100,0,0.0
C01967,100,100,0,0.0
C01968,100,100,0,0.0
C01969,100,107,7,0.07
C01970,100,100,0,0.0
C01971,100,147,47,0.47
C01972,100,100,0,0.0
C01983,100,146,46,0.46
C01984,100,0,-100,1.0
C01985,100,114,14,0.14
C01986,100,122,22,0.22
C01987,100,92,-8,0.08
C01988,100,100,0,0.0
C01989,100,56,-44,0.44
C01990,100,53,-47,0.47
C01991,100,112,12,0.12
C01993,100,100,0,0.0
C01995,100,145,45,0.45
C01996,100,90,-10,0.1
C01998,100,141,41,0.41
C02001,100,86,-14,0.14
C02003,100,100,0,0.0
C02004,100,44,-56,0.56
C02006,100,98,-2,0.02
C02008,100,102,2,0.02
C02009,100,100,0,0.0
C02010,100,74,-26,0.26
C02012,100,100,0,0.0
C02013,100,99,-1,0.01
C02015,100,125,25,0.25
C02017,100,100,0,0.0
C02018,100,100,0,0.0
C02020,100,96,-4,0.04
C02021,100,100,0,0.0
C02022,100,128,28,0.28
C02024,100,130,30,0.3
C02027,100,89,-11,0.11
C02028,100,115,15,0.15
C02029,100,97,-3,0.03
C02030,100,100,0,0.0
C02033,100,93,-7,0.07
C02034,100,157,57,0.57
C02035,100,104,4,0.04
C02037,100,111,11,0.11
C02038,100,60,-40,0.4
C02041,100,80,-20,0.2
C02043,100,100,0,0.0
C02045,100,100,0,0.0
C02046,100,199,99,0.99
C02047,100,0,-100,1.0
C02048,100,51,-49,0.49
C02049,100,100,0,0.0
C02050,100,81,-19,0.19
C02051,100,53,-47,0.47
C02052,100,100,0,0.0
C02055,100,103,3,0.03
C02056,100,63,-37,0.37
C02057,100,100,0,0.0
C02059,100,40,-60,0.6
C02060,100,102,2,0.02
C02061,100,0,-100,1.0
C02064,100,100,0,0.0
C02065,100,100,0,0.0
C02066,100,75,-25,0.25
C02067,100,95,-5,0.05
C02072,100,100,0,0.0
C02073,100,105,5,0.05
C02074,100,89,-11,0.11
C02075,100,105,5,0.05
C02076,100,93,-7,0.07
C02077,100,100,0,0.0
C02078,100,100,0,0.0
C02079,100,101,1,0.01
C02080,100,86,-14,0.14
C02081,100,100,0,0.0
C02083,100,56,-44,0.44
C02084,100,106,6,0.06
C02085,100,83,-17,0.17
C02086,100,57,-43,0.43
C02087,100,100,0,0.0
C02088,100,100,0,0.0
C02090,100,0,-100,1.0
C02091,100,55,-45,0.45
C02094,100,0,-100,1.0
C02095,100,100,0,0.0
C02096,100,100,0,0.0
C02097,100,162,62,0.62
C02099,100,118,18,0.18
C02103,100,71,-29,0.29
C02104,100,100,0,0.0
C02105,100,40,-60,0.6
C02106,100,99,-1,0.01
C02107,100,63,-37,0.37
C02108,100,100,0,0.0
C02110,100,134,34,0.34
C02111,100,100,0,0.0
C02112,100,76,-24,0.24
C02115,100,119,19,0.19
C02116,100,100,0,0.0
C02117,100,102,2,0.02
C02118,100,100,0,0.0
C02119,100,85,-15,0.15
C02122,100,100,0,0.0
C02123,100,42,-58,0.58
C02124,100,99,-1,0.01
C02125,100,100,0,0.0
C02126,100,160,60,0.6
C02129,100,121,21,0.21
C02130,100,108,8,0.08
C02131,100,100,0,0.0
C02132,100,92,-8,0.08
C02133,100,0,-100,1.0
C02134,100,100,0,0.0
C02135,100,85,-15,0.15
C02137,100,128,28,0.28
C02138,100,100,0,0.0
C02139,100,9,-91,0.91
C02140,100,84,-16,0.16
C02141,100,106,6,0.06
C02143,100,97,-3,0.03
C02144,100,100,0,0.0
C02146,100,137,37,0.37
C02147,100,98,-2,0.02
C02150,100,100,0,0.0
C02151,100,82,-18,0.18
C02153,100,101,1,0.01
C02154,100,100,0,0.0
C02155,100,100,0,0.0
C02159,100,100,0,0.0
C02160,100,100,0,0.0
C02161,100,113,13,0.13
C02163,100,25,-75,0.75
C02165,100,74,-26,0.26
C02166,100,67,-33,0.33
C02167,100,55,-45,0.45
C02168,100,100,0,0.0
C02170,100,89,-11,0.11
C02171,100,126,26,0.26
C02172,100,53,-47,0.47
C02173,100,100,0,0.0
C02179,100,143,43,0.43
C02180,100,100,0,0.0
C02181,100,100,0,0.0
C02183,100,218,118,1.18
C02185,100,100,0,0.0
C02186,100,100,0,0.0
C02189,100,44,-56,0.56
C02191,100,85,-15,0.15
C02193,100,55,-45,0.45
C02195,100,100,0,0.0
C02196,100,100,0,0.0
C02197,100,100,0,0.0
C02198,100,106,6,0.06
C02199,100,0,-100,1.0
C02200,100,56,-44,0.44
C02201,100,105,5,0.05
C02202,100,100,0,0.0
C02203,100,100,0,0.0
C02204,100,100,0,0.0
C02205,100,100,0,0.0
C02206,100,127,27,0.27
C02207,100,97,-3,0.03
C02209,100,100,0,0.0
C02210,100,100,0,0.0
C02211,100,100,0,0.0
C02213,100,91,-9,0.09
C02214,100,84,-16,0.16
C02216,100,116,16,0.16
C02217,100,112,12,0.12
C02218,100,108,8,0.08
C02220,100,100,0,0.0
C02221,100,100,0,0.0
C02222,100,273,173,1.73
C02223,100,145,45,0.45
C02224,100,152,52,0.52
C02225,100,0,-100,1.0
C02226,100,110,10,0.1
C02227,100,100,0,0.0
C02230,100,100,0,0.0
C02231,100,119,19,0.19
C02232,100,134,34,0.34
C02233,100,100,0,0.0
C02235,100,100,0,0.0
C02236,100,101,1,0.01
C02237,100,154,54,0.54
C02240,100,85,-15,0.15
C02241,100,100,0,0.0
C02242,100,100,0,0.0
C02243,100,119,19,0.19
C02244,100,55,-45,0.45
C02245,100,142,42,0.42
C02246,100,100,0,0.0
C02247,100,0,-100,1.0
C02249,100,41,-59,0.59
C02252,100,100,0,0.0
C02253,100,82,-18,0.18
C02255,100,52,-48,0.48
C02256,100,100,0,0.0
C02261,100,100,0,0.0
C02262,100,93,-7,0.07
C02265,100,52,-48,0.48
C02266,100,119,19,0.19
C02269,100,165,65,0.65
C02271,100,80,-20,0.2
C02272,100,100,0,0.0
C02273,100,112,12,0.12
C02274,100,92,-8,0.08
C02277,100,100,0,0.0
C02278,100,100,0,0.0
C02280,100,100,0,0.0
C02282,100,64,-36,0.36
C02283,100,114,14,0.14
C02284,100,87,-13,0.13
C02287,100,38,-62,0.62
C02288,100,105,5,0.05
C02289,100,68,-32,0.32
C02290,100,83,-17,0.17
C02291,100,94,-6,0.06
C02293,100,99,-1,0.01
C02294,100,89,-11,0.11
C02295,100,106,6,0.06
C02297,100,110,10,0.1
C02298,100,103,3,0.03
C02299,100,148,48,0.48
C02301,100,79,-21,0.21
C02304,100,100,0,0.0
C02305,100,25,-75,0.75
C02306,100,15,-85,0.85
C02311,100,100,0,0.0
C02314,100,100,0,0.0
C02315,100,27,-73,0.73
C02318,100,100,0,0.0
C02319,100,100,0,0.0
C02320,100,152,52,0.52
C02321,100,100,0,0.0
C02323,100,114,14,0.14
C02324,100,100,0,0.0
C02325,100,50,-50,0.5
C02327,100,100,0,0.0
C02328,100,100,0,0.0
C02330,100,102,2,0.02
C02331,100,104,4,0.04
C02333,100,114,14,0.14
C02334,100,100,0,0.0
C02335,100,106,6,0.06
C02336,100,110,10,0.1
C02337,100,100,0,0.0
C02338,100,153,53,0.53
C02341,100,14,-86,0.86
C02343,100,100,0,0.0
C02344,100,67,-33,0.33
C02345,100,81,-19,0.19
C02348,100,219,119,1.19
C02350,100,127,27,0.27
C02351,100,100,0,0.0
C02352,100,152,52,0.52
C06016,100,181,81,0.81
C02353,100,83,-17,0.17
C02354,100,89,-11,0.11
C02355,100,87,-13,0.13
C02356,100,125,25,0.25
C02357,100,100,0,0.0
C02359,100,99,-1,0.01
C02360,100,142,42,0.42
C02362,100,119,19,0.19
C02363,100,100,0,0.0
C02364,100,100,0,0.0
C02366,100,77,-23,0.23
C02367,100,42,-58,0.58
C02370,100,100,0,0.0
C02371,100,97,-3,0.03
C02372,100,123,23,0.23
C02373,100,101,1,0.01
C02375,100,99,-1,0.01
C02376,100,84,-16,0.16
C02377,100,100,0,0.0
C02378,100,156,56,0.56
C02379,100,100,0,0.0
C02381,100,100,0,0.0
C02385,100,65,-35,0.35
C02389,100,100,0,0.0
C02390,100,100,0,0.0
C02391,100,82,-18,0.18
C02394,100,124,24,0.24
C02395,100,115,15,0.15
C02400,100,149,49,0.49
C02403,100,106,6,0.06
C02404,100,100,0,0.0
C02405,100,100,0,0.0
C02410,100,100,0,0.0
C02411,100,78,-22,0.22
C02412,100,0,-100,1.0
C02413,100,100,0,0.0
C02415,100,83,-17,0.17
C02419,100,98,-2,0.02
C02420,100,143,43,0.43
C02421,100,100,0,0.0
C02424,100,100,0,0.0
C02426,100,116,16,0.16
C02427,100,108,8,0.08
C02430,100,72,-28,0.28
C02431,100,146,46,0.46
C02434,100,109,9,0.09
C02441,100,100,0,0.0
C02442,100,100,0,0.0
C02444,100,73,-27,0.27
C02445,100,87,-13,0.13
C02446,100,99,-1,0.01
C02447,100,100,0,0.0
C02451,100,100,0,0.0
C02452,100,94,-6,0.06
C02454,100,100,0,0.0
C02455,100,100,0,0.0
C02457,100,92,-8,0.08
C02461,100,100,0,0.0
C02462,100,101,1,0.01
C02463,100,92,-8,0.08
C02465,100,193,93,0.93
C02466,100,81,-19,0.19
C02467,100,144,44,0.44
C02469,100,112,12,0.12
C02470,100,83,-17,0.17
C02472,100,100,0,0.0
C02473,100,100,0,0.0
C02474,100,162,62,0.62
C02475,100,78,-22,0.22
C02476,100,47,-53,0.53
C02477,100,146,46,0.46
C02478,100,84,-16,0.16
C02479,100,100,0,0.0
C11476,100,100,0,0.0
C02480,100,105,5,0.05
C02483,100,147,47,0.47
C02484,100,100,0,0.0
C02485,100,44,-56,0.56
C02486,100,146,46,0.46
C02487,100,100,0,0.0
C02488,100,40,-60,0.6
C02489,100,95,-5,0.05
C02490,100,100,0,0.0
C02492,100,125,25,0.25
C02493,100,100,0,0.0
C02494,100,84,-16,0.16
C02495,100,112,12,0.12
C02496,100,100,0,0.0
C02497,100,92,-8,0.08
C02498,100,111,11,0.11
C02499,100,124,24,0.24
C02501,100,87,-13,0.13
C02502,100,100,0,0.0
C02504,100,48,-52,0.52
C02505,100,101,1,0.01
C02506,100,101,1,0.01
C02508,100,85,-15,0.15
C02509,100,114,14,0.14
C02512,100,112,12,0.12
C02513,100,63,-37,0.37
C02514,100,134,34,0.34
C02515,100,100,0,0.0
C02517,100,100,0,0.0
C02518,100,100,0,0.0
C02519,100,100,0,0.0
C02521,100,100,0,0.0
C02522,100,100,0,0.0
C02525,100,100,0,0.0
C02526,100,106,6,0.06
C02527,100,142,42,0.42
C02528,100,81,-19,0.19
C02530,100,135,35,0.35
C02532,100,81,-19,0.19
C02533,100,105,5,0.05
C02535,100,100,0,0.0
C02536,100,114,14,0.14
C02537,100,73,-27,0.27
C02538,100,85,-15,0.15
C02539,100,100,0,0.0
C02543,100,100,0,0.0
C02545,100,96,-4,0.04
C02546,100,100,0,0.0
C02549,100,56,-44,0.44
C02553,100,100,0,0.0
C02554,100,110,10,0.1
C02555,100,100,0,0.0
C02557,100,0,-100,1.0
C02560,100,111,11,0.11
C02562,100,100,0,0.0
C02564,100,79,-21,0.21
C02565,100,114,14,0.14
C02567,100,99,-1,0.01
C02569,100,59,-41,0.41
C02571,100,114,14,0.14
C02572,100,118,18,0.18
C02574,100,103,3,0.03
C02575,100,99,-1,0.01
C02576,100,104,4,0.04
C02577,100,100,0,0.0
C02578,100,100,0,0.0
C02579,100,100,0,0.0
C02581,100,100,0,0.0
C02582,100,173,73,0.73
C02588,100,100,0,0.0
C02589,100,82,-18,0.18
C02590,100,100,0,0.0
C02591,100,31,-69,0.69
C02592,100,99,-1,0.01
C02593,100,31,-69,0.69
C02595,100,100,0,0.0
C02596,100,100,0,0.0
C02603,100,100,0,0.0
C02604,100,100,0,0.0
C02605,100,100,0,0.0
C02607,100,100,0,0.0
C02611,100,48,-52,0.52
C02612,100,0,-100,1.0
C02614,100,0,-100,1.0
C02615,100,100,0,0.0
C02616,100,102,2,0.02
C02617,100,148,48,0.48
C02621,100,105,5,0.05
C02623,100,63,-37,0.37
C02625,100,101,1,0.01
C02627,100,120,20,0.2
C02628,100,100,0,0.0
C02630,100,32,-68,0.68
C02631,100,193,93,0.93
C02632,100,120,20,0.2
C02633,100,58,-42,0.42
C02634,100,85,-15,0.15
C02635,100,106,6,0.06
C02636,100,115,15,0.15
C02637,100,164,64,0.64
C02639,100,100,0,0.0
C02640,100,100,0,0.0
C02642,100,98,-2,0.02
C02645,100,100,0,0.0
C02646,100,52,-48,0.48
C02647,100,137,37,0.37
C02648,100,108,8,0.08
C02654,100,100,0,0.0
C02655,100,83,-17,0.17
C02656,100,99,-1,0.01
C02657,100,52,-48,0.48
C02658,100,18,-82,0.82
C02659,100,66,-34,0.34
C02660,100,53,-47,0.47
C02661,100,78,-22,0.22
C02666,100,83,-17,0.17
C02669,100,106,6,0.06
C15483,100,100,0,0.0
C02670,100,90,-10,0.1
C02672,100,122,22,0.22
C02673,100,100,0,0.0
C02674,100,100,0,0.0
C02675,100,82,-18,0.18
C02677,100,100,0,0.0
C02678,100,100,0,0.0
C02679,100,114,14,0.14
C02681,100,108,8,0.08
C02684,100,200,100,1.0
C02685,100,200,100,1.0
C02686,100,75,-25,0.25
C02687,100,100,0,0.0
C02691,100,139,39,0.39
C02692,100,100,0,0.0
C02693,100,40,-60,0.6
C02695,100,100,0,0.0
C02700,100,74,-26,0.26
C02702,100,101,1,0.01
C02703,100,88,-12,0.12
C02704,100,80,-20,0.2
C02710,100,111,11,0.11
C02711,100,100,0,0.0
C02712,100,100,0,0.0
C02713,100,127,27,0.27
C02714,100,94,-6,0.06
C02715,100,82,-18,0.18
C02716,100,90,-10,0.1
C02717,100,116,16,0.16
C02718,100,96,-4,0.04
C02720,100,185,85,0.85
C16685,100,90,-10,0.1
C02721,100,93,-7,0.07
C02722,100,85,-15,0.15
C02723,100,100,0,0.0
C02724,100,101,1,0.01
C02726,100,100,0,0.0
C02727,100,116,16,0.16
C02728,100,100,0,0.0
C02730,100,51,-49,0.49
C02734,100,84,-16,0.16
C02735,100,100,0,0.0
C02737,100,82,-18,0.18
C02739,100,39,-61,0.61
C02740,100,100,0,0.0
C02741,100,104,4,0.04
C02744,100,101,1,0.01
C02749,100,85,-15,0.15
C02750,100,150,50,0.5
C02752,100,85,-15,0.15
C02757,100,100,0,0.0
C02759,100,58,-42,0.42
C02761,100,85,-15,0.15
C02762,100,100,0,0.0
C02763,100,141,41,0.41
C02765,100,101,1,0.01
C02766,100,100,0,0.0
C02768,100,126,26,0.26
C02771,100,73,-27,0.27
C02773,100,114,14,0.14
C02774,100,88,-12,0.12
C02775,100,99,-1,0.01
C02777,100,89,-11,0.11
C02778,100,96,-4,0.04
C02779,100,100,0,0.0
C02780,100,173,73,0.73
C02781,100,100,0,0.0
C02782,100,96,-4,0.04
C02783,100,100,0,0.0
C02784,100,100,0,0.0
C02785,100,57,-43,0.43
C02787,100,135,35,0.35
C02790,100,100,0,0.0
C02791,100,100,0,0.0
C02792,100,100,0,0.0
C02794,100,100,0,0.0
C02796,100,123,23,0.23
C02797,100,86,-14,0.14
C02798,100,41,-59,0.59
C02800,100,128,28,0.28
C02801,100,116,16,0.16
C02802,100,84,-16,0.16
C02803,100,100,0,0.0
C02804,100,101,1,0.01
C02807,100,111,11,0.11
C02808,100,100,0,0.0
C02809,100,100,0,0.0
C02810,100,100,0,0.0
C02811,100,100,0,0.0
C02812,100,100,0,0.0
C02814,100,133,33,0.33
C02817,100,76,-24,0.24
C02821,100,110,10,0.1
C02822,100,103,3,0.03
C02823,100,119,19,0.19
C02824,100,87,-13,0.13
C02825,100,100,0,0.0
C02827,100,80,-20,0.2
C02828,100,100,0,0.0
C02835,100,96,-4,0.04
C02837,100,35,-65,0.65
C02838,100,124,24,0.24
C02839,100,0,-100,1.0
C02843,100,0,-100,1.0
C02845,100,158,58,0.58
C02846,100,99,-1,0.01
C02847,100,100,0,0.0
C02850,100,82,-18,0.18
C02852,100,100,0,0.0
C02853,100,100,0,0.0
C02855,100,100,0,0.0
C02856,100,100,0,0.0
C02857,100,100,0,0.0
C02858,100,115,15,0.15
C02860,100,99,-1,0.01
C02862,100,100,0,0.0
C02864,100,100,0,0.0
C02866,100,122,22,0.22
C02867,100,100,0,0.0
C02868,100,91,-9,0.09
C02872,100,96,-4,0.04
C02876,100,154,54,0.54
C02879,100,49,-51,0.51
C02880,100,208,108,1.08
C02884,100,100,0,0.0
C02885,100,101,1,0.01
C02886,100,100,0,0.0
C02887,100,120,20,0.2
C02888,100,130,30,0.3
C02890,100,100,0,0.0
C02892,100,100,0,0.0
C02893,100,100,0,0.0
C02894,100,100,0,0.0
C02895,100,101,1,0.01
C02896,100,85,-15,0.15
C03687,100,90,-10,0.1
C02897,100,100,0,0.0
C02899,100,91,-9,0.09
C02903,100,115,15,0.15
C02906,100,117,17,0.17
C02909,100,93,-7,0.07
C02912,100,91,-9,0.09
C02914,100,100,0,0.0
C02915,100,100,0,0.0
C02916,100,110,10,0.1
C02917,100,92,-8,0.08
C02918,100,101,1,0.01
C02919,100,101,1,0.01
C02920,100,8,-92,0.92
C02921,100,100,0,0.0
C02922,100,101,1,0.01
C02923,100,127,27,0.27
C02924,100,100,0,0.0
C02926,100,100,0,0.0
C02927,100,120,20,0.2
C02928,100,100,0,0.0
C02929,100,118,18,0.18
C02930,100,160,60,0.6
C02932,100,88,-12,0.12
C02933,100,100,0,0.0
C02934,100,114,14,0.14
C02937,100,113,13,0.13
C02938,100,197,97,0.97
C02939,100,69,-31,0.31
C02940,100,92,-8,0.08
C02941,100,112,12,0.12
C02943,100,114,14,0.14
C02944,100,55,-45,0.45
C02945,100,42,-58,0.58
C02946,100,150,50,0.5
C02947,100,112,12,0.12
C02948,100,149,49,0.49
C02949,100,70,-30,0.3
C02951,100,100,0,0.0
C02952,100,101,1,0.01
C02953,100,143,43,0.43
C02954,100,142,42,0.42
C02956,100,82,-18,0.18
C02957,100,100,0,0.0
C02960,100,97,-3,0.03
C02961,100,100,0,0.0
C02962,100,55,-45,0.45
C02964,100,152,52,0.52
C02965,100,125,25,0.25
C02970,100,83,-17,0.17
C02972,100,111,11,0.11
C02975,100,146,46,0.46
C02977,100,68,-32,0.32
C02979,100,83,-17,0.17
C02980,100,99,-1,0.01
C02982,100,98,-2,0.02
C02983,100,100,0,0.0
C02984,100,100,0,0.0
C02985,100,98,-2,0.02
C02987,100,65,-35,0.35
C02988,100,101,1,0.01
C02989,100,110,10,0.1
C02990,100,113,13,0.13
C02991,100,122,22,0.22
C02992,100,104,4,0.04
C02993,100,102,2,0.02
C02994,100,109,9,0.09
C02995,100,73,-27,0.27
C02996,100,100,0,0.0
C02997,100,106,6,0.06
C02998,100,77,-23,0.23
C02999,100,84,-16,0.16
C03000,100,55,-45,0.45
C03001,100,112,12,0.12
C03003,100,101,1,0.01
C03004,100,101,1,0.01
C03005,100,100,0,0.0
C03007,100,100,0,0.0
C03011,100,100,0,0.0
C03012,100,66,-34,0.34
C03015,100,80,-20,0.2
C03017,100,100,0,0.0
C03019,100,112,12,0.12
C03023,100,63,-37,0.37
C03027,100,101,1,0.01
C03028,100,114,14,0.14
C03030,100,53,-47,0.47
C03031,100,100,0,0.0
C03032,100,109,9,0.09
C03033,100,79,-21,0.21
C03034,100,105,5,0.05
C03035,100,86,-14,0.14
C03036,100,100,0,0.0
C03037,100,99,-1,0.01
C03039,100,100,0,0.0
C03040,100,102,2,0.02
C03042,100,91,-9,0.09
C03043,100,101,1,0.01
C03044,100,95,-5,0.05
C03045,100,94,-6,0.06
C03046,100,87,-13,0.13
C03047,100,148,48,0.48
C03049,100,100,0,0.0
C03050,100,134,34,0.34
C03051,100,100,0,0.0
C03052,100,100,0,0.0
C03056,100,116,16,0.16
C03057,100,140,40,0.4
C03058,100,119,19,0.19
C03059,100,100,0,0.0
C03062,100,135,35,0.35
C03063,100,72,-28,0.28
C03064,100,157,57,0.57
C03065,100,87,-13,0.13
C03066,100,57,-43,0.43
C03067,100,105,5,0.05
C03068,100,100,0,0.0
C03069,100,209,109,1.09
C03070,100,154,54,0.54
C03071,100,103,3,0.03
C03072,100,59,-41,0.41
C03074,100,100,0,0.0
C03076,100,100,0,0.0
C03077,100,193,93,0.93
C03078,100,85,-15,0.15
C03079,100,81,-19,0.19
C03080,100,100,0,0.0
C03081,100,119,19,0.19
C03082,100,117,17,0.17
C03083,100,100,0,0.0
C03084,100,100,0,0.0
C03087,100,33,-67,0.67
C03088,100,99,-1,0.01
C03089,100,116,16,0.16
C03090,100,43,-57,0.57
C03091,100,77,-23,0.23
C03092,100,92,-8,0.08
C03093,100,100,0,0.0
C03097,100,100,0,0.0
C03098,100,147,47,0.47
C03103,100,50,-50,0.5
C03104,100,100,0,0.0
C03107,100,122,22,0.22
C03108,100,100,0,0.0
C03109,100,100,0,0.0
C03112,100,95,-5,0.05
C03113,100,113,13,0.13
C03114,100,45,-55,0.55
C03115,100,101,1,0.01
C03117,100,77,-23,0.23
C03122,100,100,0,0.0
C03124,100,138,38,0.38
C03125,100,151,51,0.51
C03126,100,100,0,0.0
C03127,100,113,13,0.13
C03130,100,100,0,0.0
C03134,100,90,-10,0.1
C03135,100,111,11,0.11
C03137,100,111,11,0.11
C03139,100,86,-14,0.14
C03140,100,100,0,0.0
C03141,100,131,31,0.31
C03145,100,85,-15,0.15
C03146,100,100,0,0.0
C03147,100,101,1,0.01
C03149,100,106,6,0.06
C03150,100,47,-53,0.53
C03151,100,100,0,0.0
C03152,100,100,0,0.0
C03153,100,103,3,0.03
C03154,100,116,16,0.16
C03156,100,114,14,0.14
C03160,100,0,-100,1.0
C03164,100,153,53,0.53
C03166,100,103,3,0.03
C03167,100,1,-99,0.99
C03169,100,38,-62,0.62
C03170,100,185,85,0.85
C03172,100,52,-48,0.48
C03173,100,153,53,0.53
C03174,100,86,-14,0.14
C03175,100,49,-51,0.51
C03177,100,100,0,0.0
C03178,100,55,-45,0.45
C03183,100,100,0,0.0
C03184,100,100,0,0.0
C03187,100,25,-75,0.75
C03188,100,101,1,0.01
C03189,100,83,-17,0.17
C03190,100,27,-73,0.73
C03194,100,32,-68,0.68
C03195,100,45,-55,0.55
C03196,100,83,-17,0.17
C03197,100,75,-25,0.25
C03198,100,32,-68,0.68
C03199,100,100,0,0.0
C03200,100,100,0,0.0
C03201,100,64,-36,0.36
C03203,100,102,2,0.02
C03204,100,102,2,0.02
C03205,100,19,-81,0.81
C03206,100,123,23,0.23
C03207,100,163,63,0.63
C03209,100,100,0,0.0
C03210,100,97,-3,0.03
C03212,100,114,14,0.14
C03214,100,100,0,0.0
C03215,100,121,21,0.21
C03217,100,58,-42,0.42
C03218,100,100,0,0.0
C03219,100,101,1,0.01
C03220,100,155,55,0.55
C03221,100,210,110,1.1
C03223,100,70,-30,0.3
C03224,100,100,0,0.0
C03225,100,100,0,0.0
C03226,100,100,0,0.0
C03227,100,9,-91,0.91
C03228,100,93,-7,0.07
C03230,100,100,0,0.0
C03231,100,138,38,0.38
C03232,100,117,17,0.17
C03233,100,62,-38,0.38
C03235,100,100,0,0.0
C03237,100,110,10,0.1
C03238,100,79,-21,0.21
C03239,100,141,41,0.41
C03240,100,107,7,0.07
C03241,100,62,-38,0.38
C03242,100,112,12,0.12
C03243,100,100,0,0.0
C03246,100,100,0,0.0
C03248,100,135,35,0.35
C03251,100,100,0,0.0
C03254,100,80,-20,0.2
C03256,100,90,-10,0.1
C03263,100,156,56,0.56
C03264,100,43,-57,0.57
C03267,100,99,-1,0.01
C03269,100,100,0,0.0
C03272,100,108,8,0.08
C03273,100,123,23,0.23
C03274,100,100,0,0.0
C03277,100,53,-47,0.47
C03281,100,103,3,0.03
C03283,100,67,-33,0.33
C03284,100,113,13,0.13
C03287,100,124,24,0.24
C03289,100,142,42,0.42
C03290,100,57,-43,0.43
C03291,138,223,85,0.61594
C03292,100,100,0,0.0
C03294,100,129,29,0.29
C03296,100,100,0,0.0
C03298,100,100,0,0.0
C03299,100,100,0,0.0
C03300,100,107,7,0.07
C03303,100,57,-43,0.43
C03309,100,46,-54,0.54
C03311,100,100,0,0.0
C03312,100,100,0,0.0
C03313,100,166,66,0.66
C03314,100,145,45,0.45
C03317,100,84,-16,0.16
C03319,100,1,-99,0.99
C03323,100,121,21,0.21
C03325,100,99,-1,0.01
C03326,100,100,0,0.0
C03328,100,100,0,0.0
C03329,100,100,0,0.0
C03336,100,100,0,0.0
C03338,100,100,0,0.0
C03339,8,8,0,0.0
C03340,100,100,0,0.0
C03341,100,116,16,0.16
C03342,100,100,0,0.0
C03343,100,111,11,0.11
C03344,100,128,28,0.28
C03345,100,116,16,0.16
C03347,100,100,0,0.0
C03348,100,100,0,0.0
C03349,100,100,0,0.0
C03351,100,87,-13,0.13
C03352,100,100,0,0.0
C03354,100,140,40,0.4
C03356,100,54,-46,0.46
C03357,100,84,-16,0.16
C03359,100,100,0,0.0
C03360,100,90,-10,0.1
C03363,100,177,77,0.77
C03365,100,90,-10,0.1
C03366,100,85,-15,0.15
C03368,100,101,1,0.01
C03372,100,81,-19,0.19
C03373,100,154,54,0.54
C03374,100,0,-100,1.0
C03375,100,158,58,0.58
C03383,100,107,7,0.07
C03384,100,100,0,0.0
C03387,100,79,-21,0.21
C03392,100,47,-53,0.53
C03393,100,97,-3,0.03
C03394,100,45,-55,0.55
C03395,100,100,0,0.0
C03400,100,100,0,0.0
C03401,100,55,-45,0.45
C03402,100,58,-42,0.42
C03404,100,98,-2,0.02
C03405,100,100,0,0.0
C03406,100,46,-54,0.54
C03408,100,100,0,0.0
C03409,100,34,-66,0.66
C03410,100,100,0,0.0
C03411,100,100,0,0.0
C03413,100,100,0,0.0
C03414,100,102,2,0.02
C03415,100,91,-9,0.09
C03416,100,100,0,0.0
C03417,100,100,0,0.0
C03418,100,119,19,0.19
C03423,100,101,1,0.01
C03425,100,100,0,0.0
C03427,100,0,-100,1.0
C03428,100,15,-85,0.85
C03429,100,100,0,0.0
C03431,100,121,21,0.21
C03433,100,100,0,0.0
C03434,100,74,-26,0.26
C03437,100,100,0,0.0
C03438,100,100,0,0.0
C03440,100,123,23,0.23
C03442,100,81,-19,0.19
C03444,100,100,0,0.0
C03448,100,100,0,0.0
C03451,100,48,-52,0.52
C03453,100,123,23,0.23
C03455,100,105,5,0.05
C03458,100,99,-1,0.01
C03459,100,167,67,0.67
C03460,100,93,-7,0.07
C03461,100,71,-29,0.29
C03462,100,103,3,0.03
C03463,100,83,-17,0.17
C03465,100,100,0,0.0
C03466,100,100,0,0.0
C03467,100,100,0,0.0
C03470,100,0,-100,1.0
C03473,100,100,0,0.0
C03474,100,0,-100,1.0
C03475,100,81,-19,0.19
C03476,100,93,-7,0.07
C03479,100,0,-100,1.0
C03483,100,102,2,0.02
C03486,100,102,2,0.02
C03491,100,94,-6,0.06
C03492,100,96,-4,0.04
C03493,100,83,-17,0.17
C03494,100,101,1,0.01
C03495,100,135,35,0.35
C03497,100,100,0,0.0
C03499,100,100,0,0.0
C03500,100,100,0,0.0
C03502,100,100,0,0.0
C03503,100,101,1,0.01
C03505,100,104,4,0.04
C03506,100,108,8,0.08
C03508,100,184,84,0.84
C03509,100,100,0,0.0
C03510,100,100,0,0.0
C03511,100,83,-17,0.17
C03512,100,102,2,0.02
C03514,100,80,-20,0.2
C16717,100,84,-16,0.16
C03515,100,102,2,0.02
C03516,100,103,3,0.03
C03518,100,97,-3,0.03
C03519,100,106,6,0.06
C03521,100,100,0,0.0
C03522,100,100,0,0.0
C03524,100,119,19,0.19
C03525,100,100,0,0.0
C03527,100,101,1,0.01
C03535,100,100,0,0.0
C03536,100,86,-14,0.14
C03537,100,106,6,0.06
C03541,100,100,0,0.0
C03546,100,87,-13,0.13
C03547,100,100,0,0.0
C03548,100,80,-20,0.2
C03557,100,0,-100,1.0
C03561,100,69,-31,0.31
C03564,100,252,152,1.52
C03565,100,108,8,0.08
C03567,100,46,-54,0.54
C03568,100,100,0,0.0
C03569,100,100,0,0.0
C03570,100,100,0,0.0
C03572,100,40,-60,0.6
C03573,100,84,-16,0.16
C03574,100,101,1,0.01
C03575,100,100,0,0.0
C03576,100,0,-100,1.0
C03577,100,100,0,0.0
C03579,100,60,-40,0.4
C03580,100,100,0,0.0
C03582,100,49,-51,0.51
C03584,100,102,2,0.02
C03585,100,48,-52,0.52
C03586,100,226,126,1.26
C03587,100,141,41,0.41
C03588,100,81,-19,0.19
C03589,100,184,84,0.84
C03590,100,64,-36,0.36
C03591,100,100,0,0.0
C03592,100,100,0,0.0
C03594,100,71,-29,0.29
C03595,100,88,-12,0.12
C03598,100,41,-59,0.59
C03599,100,144,44,0.44
C03600,100,55,-45,0.45
C03601,100,117,17,0.17
C03604,100,108,8,0.08
C03606,100,100,0,0.0
C03611,100,100,0,0.0
C03618,100,15,-85,0.85
C03619,100,118,18,0.18
C03621,100,141,41,0.41
C03622,100,141,41,0.41
C03623,100,78,-22,0.22
C03624,100,102,2,0.02
C03626,100,89,-11,0.11
C03629,100,100,0,0.0
C03630,100,100,0,0.0
C03633,100,152,52,0.52
C03634,100,88,-12,0.12
C03637,100,100,0,0.0
C03640,100,109,9,0.09
C03641,100,102,2,0.02
C03642,100,101,1,0.01
C03645,100,100,0,0.0
C03646,100,116,16,0.16
C03647,100,100,0,0.0
C03648,100,34,-66,0.66
C03651,100,100,0,0.0
C03652,100,61,-39,0.39
C03654,100,100,0,0.0
C03656,100,93,-7,0.07
C03657,100,59,-41,0.41
C03658,100,46,-54,0.54
C03659,100,101,1,0.01
C03660,100,100,0,0.0
C03661,100,112,12,0.12
C03663,100,100,0,0.0
C03664,100,83,-17,0.17
C03665,100,100,0,0.0
C03666,100,101,1,0.01
C03667,100,131,31,0.31
C03668,100,100,0,0.0
C03671,100,177,77,0.77
C03672,100,100,0,0.0
C03673,100,86,-14,0.14
C03674,100,106,6,0.06
C03676,100,150,50,0.5
C03677,100,31,-69,0.69
C03678,100,143,43,0.43
C03679,100,93,-7,0.07
C03680,100,0,-100,1.0
C03681,100,61,-39,0.39
C03682,100,123,23,0.23
C03683,100,144,44,0.44
C03684,100,194,94,0.94
C03685,100,100,0,0.0
C03686,100,53,-47,0.47
C03688,100,31,-69,0.69
C03690,100,89,-11,0.11
C03691,100,54,-46,0.46
C03692,100,10,-90,0.9
C03693,100,100,0,0.0
C03703,100,83,-17,0.17
C03708,100,88,-12,0.12
C03709,100,100,0,0.0
C03710,100,88,-12,0.12
C03711,100,100,0,0.0
C03712,100,121,21,0.21
C03715,100,160,60,0.6
C03716,100,86,-14,0.14
C03717,100,102,2,0.02
C03719,100,114,14,0.14
C03722,100,154,54,0.54
C03723,100,149,49,0.49
C03724,100,94,-6,0.06
C03725,100,44,-56,0.56
C03726,100,58,-42,0.42
C03727,100,143,43,0.43
C03730,100,100,0,0.0
C03731,100,101,1,0.01
C03733,100,107,7,0.07
C03734,100,100,0,0.0
C03736,100,100,0,0.0
C03737,100,85,-15,0.15
C03738,100,115,15,0.15
C03739,100,92,-8,0.08
C03741,100,171,71,0.71
C03742,100,57,-43,0.43
C03743,100,146,46,0.46
C03747,100,100,0,0.0
C03748,100,37,-63,0.63
C03750,100,78,-22,0.22
C03752,100,0,-100,1.0
C03753,100,100,0,0.0
C03754,100,101,1,0.01
C03758,100,0,-100,1.0
C03761,100,97,-3,0.03
C03764,100,101,1,0.01
C03765,100,215,115,1.15
C03766,100,150,50,0.5
C03767,100,105,5,0.05
C03768,100,100,0,0.0
C03771,100,105,5,0.05
C03772,100,110,10,0.1
C03773,100,117,17,0.17
C03776,100,100,0,0.0
C03779,100,100,0,0.0
C03782,100,100,0,0.0
C03783,100,100,0,0.0
C03785,100,81,-19,0.19
C03789,100,102,2,0.02
C03790,100,96,-4,0.04
C03793,100,94,-6,0.06
C03794,100,61,-39,0.39
C03795,100,100,0,0.0
C03796,100,102,2,0.02
C03797,100,100,0,0.0
C03798,100,48,-52,0.52
C03801,100,100,0,0.0
C03802,100,70,-30,0.3
C03804,100,117,17,0.17
C03805,100,100,0,0.0
C03811,100,100,0,0.0
C03817,100,74,-26,0.26
C03819,100,116,16,0.16
C03820,100,69,-31,0.31
C03822,100,100,0,0.0
C03823,100,94,-6,0.06
C03824,100,86,-14,0.14
C03826,100,90,-10,0.1
C03827,100,139,39,0.39
C03828,100,100,0,0.0
C03829,100,100,0,0.0
C03830,100,100,0,0.0
C03832,100,120,20,0.2
C03834,100,100,0,0.0
C03836,100,89,-11,0.11
C03837,100,81,-19,0.19
C03838,100,61,-39,0.39
C03840,100,89,-11,0.11
C03843,100,100,0,0.0
C03844,100,71,-29,0.29
C03845,100,179,79,0.79
C03846,100,77,-23,0.23
C03847,100,86,-14,0.14
C03848,100,102,2,0.02
C03849,100,103,3,0.03
C03851,100,157,57,0.57
C03852,100,143,43,0.43
C03855,100,84,-16,0.16
C03860,100,126,26,0.26
C03861,100,100,0,0.0
C03862,100,0,-100,1.0
C03864,100,75,-25,0.25
C03865,100,79,-21,0.21
C03868,100,98,-2,0.02
C03870,100,100,0,0.0
C03871,100,60,-40,0.4
C03872,100,86,-14,0.14
C03878,100,100,0,0.0
C03879,100,100,0,0.0
C03881,100,140,40,0.4
C03882,100,152,52,0.52
C03884,100,100,0,0.0
C03885,100,131,31,0.31
C03887,100,100,0,0.0
C03888,100,100,0,0.0
C03889,100,0,-100,1.0
C03890,100,100,0,0.0
C03892,100,94,-6,0.06
C03894,100,96,-4,0.04
C03895,100,115,15,0.15
C03897,100,100,0,0.0
C03898,100,102,2,0.02
C03899,100,82,-18,0.18
C03900,100,71,-29,0.29
C03901,100,72,-28,0.28
C03906,100,95,-5,0.05
C03910,100,56,-44,0.44
C03912,100,255,155,1.55
C03916,100,100,0,0.0
C03917,100,61,-39,0.39
C03918,100,108,8,0.08
C03920,100,200,100,1.0
C03921,100,167,67,0.67
C03925,100,76,-24,0.24
C03926,100,104,4,0.04
C03927,100,116,16,0.16
C03930,100,86,-14,0.14
C03935,100,100,0,0.0
C03939,100,85,-15,0.15
C03943,100,129,29,0.29
C03944,100,54,-46,0.46
C03946,100,89,-11,0.11
C15555,100,83,-17,0.17
C03947,100,91,-9,0.09
C03948,100,100,0,0.0
C03951,100,92,-8,0.08
C03954,100,104,4,0.04
C03955,100,107,7,0.07
C03957,100,100,0,0.0
C03958,100,100,0,0.0
C03961,100,3,-97,0.97
C03962,100,101,1,0.01
C03963,100,99,-1,0.01
C03964,100,14,-86,0.86
C03968,100,90,-10,0.1
C03969,100,100,0,0.0
C03972,100,135,35,0.35
C03974,100,106,6,0.06
C03975,100,100,0,0.0
C03979,100,98,-2,0.02
C03980,100,100,0,0.0
C03981,100,145,45,0.45
C03982,100,100,0,0.0
C03985,100,57,-43,0.43
C03986,100,101,1,0.01
C03987,100,100,0,0.0
C03989,100,124,24,0.24
C03990,100,162,62,0.62
C03993,100,86,-14,0.14
C03994,100,148,48,0.48
C03995,100,52,-48,0.48
C03996,100,100,0,0.0
C03997,100,161,61,0.61
C03998,100,109,9,0.09
C03999,100,97,-3,0.03
C04000,100,123,23,0.23
C04002,100,208,108,1.08
C04006,100,69,-31,0.31
C04007,100,86,-14,0.14
C04013,100,100,0,0.0
C04015,100,82,-18,0.18
C04016,100,112,12,0.12
C04017,100,94,-6,0.06
C04019,100,100,0,0.0
C04020,100,91,-9,0.09
C04022,100,12,-88,0.88
C04024,100,100,0,0.0
C04025,100,99,-1,0.01
C04026,100,100,0,0.0
C04030,100,104,4,0.04
C04031,100,100,0,0.0
C04033,100,117,17,0.17
C04034,100,106,6,0.06
C04036,100,80,-20,0.2
C04037,100,136,36,0.36
C04039,100,82,-18,0.18
C04042,100,74,-26,0.26
C04043,100,76,-24,0.24
C04044,100,107,7,0.07
C04045,100,130,30,0.3
C04046,100,57,-43,0.43
C04047,100,78,-22,0.22
C04050,100,200,100,1.0
C04051,100,145,45,0.45
C04052,100,49,-51,0.51
C04053,100,177,77,0.77
C04054,100,100,0,0.0
C04056,100,136,36,0.36
C04058,100,66,-34,0.34
C04062,100,101,1,0.01
C04063,100,106,6,0.06
C04064,100,100,0,0.0
C04067,100,122,22,0.22
C04068,100,100,0,0.0
C04069,100,117,17,0.17
C04070,100,100,0,0.0
C04071,100,96,-4,0.04
C04073,100,141,41,0.41
C04074,100,100,0,0.0
C04075,100,33,-67,0.67
C04076,100,234,134,1.34
C04078,100,100,0,0.0
C04079,100,59,-41,0.41
C04081,100,59,-41,0.41
C04083,100,113,13,0.13
C04084,100,100,0,0.0
C04087,100,100,0,0.0
C04089,100,52,-48,0.48
C04091,100,96,-4,0.04
C04092,100,178,78,0.78
C04093,100,88,-12,0.12
C04097,100,104,4,0.04
C04100,100,100,0,0.0
C04101,100,131,31,0.31
C04102,100,100,0,0.0
C04103,100,100,0,0.0
C04104,100,100,0,0.0
C04105,100,1,-99,0.99
C04106,100,109,9,0.09
C04108,100,150,50,0.5
C04109,100,100,0,0.0
C04110,100,102,2,0.02
C04111,100,100,0,0.0
C04112,100,104,4,0.04
C04114,100,138,38,0.38
C04115,100,0,-100,1.0
C04116,100,100,0,0.0
C04118,100,101,1,0.01
C04121,100,0,-100,1.0
C04122,100,147,47,0.47
C04126,100,100,0,0.0
C04132,100,100,0,0.0
C04133,100,125,25,0.25
C04134,100,100,0,0.0
C04136,100,144,44,0.44
C04137,100,95,-5,0.05
C04138,100,103,3,0.03
C04142,100,84,-16,0.16
C04143,100,100,0,0.0
C04144,100,193,93,0.93
C04145,100,35,-65,0.65
C04146,100,10,-90,0.9
C04147,100,100,0,0.0
C04148,100,113,13,0.13
C04150,100,56,-44,0.44
C04164,100,0,-100,1.0
C04165,100,100,0,0.0
C04166,100,100,0,0.0
C04167,100,89,-11,0.11
C04170,100,153,53,0.53
C04171,100,104,4,0.04
C04175,100,100,0,0.0
C04178,100,72,-28,0.28
C04180,100,205,105,1.05
C04181,100,179,79,0.79
C04185,100,133,33,0.33
C04186,100,66,-34,0.34
C04187,100,100,0,0.0
C04188,100,159,59,0.59
C04191,100,100,0,0.0
C04193,100,100,0,0.0
C04194,100,111,11,0.11
C04196,100,59,-41,0.41
C04197,100,59,-41,0.41
C04199,100,100,0,0.0
C04201,100,102,2,0.02
C04203,100,93,-7,0.07
C04204,100,100,0,0.0
C04205,100,100,0,0.0
C04207,100,100,0,0.0
C04208,100,100,0,0.0
C04209,100,142,42,0.42
C04210,100,92,-8,0.08
C04211,100,101,1,0.01
C04213,100,36,-64,0.64
C04216,100,66,-34,0.34
C04217,100,0,-100,1.0
C16689,100,112,12,0.12
C04218,100,18,-82,0.82
C04219,100,147,47,0.47
C04221,100,79,-21,0.21
C04223,100,100,0,0.0
C04225,100,251,151,1.51
C04226,100,144,44,0.44
C04227,100,53,-47,0.47
C04229,100,100,0,0.0
C04230,100,193,93,0.93
C04232,100,53,-47,0.47
C04233,100,232,132,1.32
C04234,100,79,-21,0.21
C04235,100,100,0,0.0
C04236,100,150,50,0.5
C04237,100,100,0,0.0
C04242,100,112,12,0.12
C04244,100,11,-89,0.89
C04247,100,91,-9,0.09
C04248,100,62,-38,0.38
C04250,100,88,-12,0.12
C04251,100,111,11,0.11
C04255,100,125,25,0.25
C04256,100,100,0,0.0
C04257,100,235,135,1.35
C04259,100,100,0,0.0
C04264,100,129,29,0.29
C04268,100,20,-80,0.8
C04271,100,141,41,0.41
C04272,100,10,-90,0.9
C04273,100,100,0,0.0
C04274,100,100,0,0.0
C04275,100,145,45,0.45
C04277,100,86,-14,0.14
C04280,100,75,-25,0.25
C04281,100,88,-12,0.12
C04282,100,31,-69,0.69
C04284,100,100,0,0.0
C04285,100,100,0,0.0
C04286,100,100,0,0.0
C04287,100,141,41,0.41
C04290,100,101,1,0.01
C04291,100,105,5,0.05
C04292,100,102,2,0.02
C04293,100,101,1,0.01
C04294,100,192,92,0.92
C04295,100,110,10,0.1
C04297,100,15,-85,0.85
C04299,100,126,26,0.26
C04300,100,97,-3,0.03
C04301,100,100,0,0.0
C04302,100,0,-100,1.0
C04303,100,88,-12,0.12
C04305,100,83,-17,0.17
C04307,100,100,0,0.0
C04308,100,99,-1,0.01
C04309,100,146,46,0.46
C04311,100,100,0,0.0
C04313,100,100,0,0.0
C04314,100,95,-5,0.05
C04315,100,134,34,0.34
C04316,100,50,-50,0.5
C04317,100,266,166,1.66
C04318,100,100,0,0.0
C04322,100,114,14,0.14
C04324,100,229,129,1.29
C04327,100,61,-39,0.39
C04330,100,93,-7,0.07
C04332,100,0,-100,1.0
C04333,100,84,-16,0.16
C04335,100,81,-19,0.19
C04336,100,100,0,0.0
C04337,100,100,0,0.0
C04346,100,68,-32,0.32
C04347,100,100,0,0.0
C04348,100,39,-61,0.61
C04349,100,166,66,0.66
C04350,100,96,-4,0.04
C04351,100,106,6,0.06
C04352,100,48,-52,0.52
C04353,100,106,6,0.06
C04354,100,113,13,0.13
C04359,100,156,56,0.56
C04360,100,100,0,0.0
C04361,100,108,8,0.08
C04366,100,100,0,0.0
C04367,100,94,-6,0.06
C04368,100,115,15,0.15
C04371,100,137,37,0.37
C04373,100,72,-28,0.28
C04376,100,139,39,0.39
C04377,100,86,-14,0.14
C04378,100,100,0,0.0
C04379,100,100,0,0.0
C04382,100,100,0,0.0
C04384,100,84,-16,0.16
C17141,100,99,-1,0.01
C04385,100,101,1,0.01
C04390,100,67,-33,0.33
C04392,100,88,-12,0.12
C04394,100,100,0,0.0
C04399,100,83,-17,0.17
C04404,100,95,-5,0.05
C04405,100,44,-56,0.56
C04409,100,68,-32,0.32
C04411,100,0,-100,1.0
C04415,100,100,0,0.0
C04416,100,53,-47,0.47
C04420,100,100,0,0.0
C04421,100,68,-32,0.32
C04422,100,101,1,0.01
C04424,100,100,0,0.0
C04425,100,100,0,0.0
C04426,100,99,-1,0.01
C04429,100,101,1,0.01
C04431,100,165,65,0.65
C04433,100,102,2,0.02
C04434,100,94,-6,0.06
C04435,100,138,38,0.38
C04437,100,90,-10,0.1
C04438,100,113,13,0.13
C04441,100,100,0,0.0
C04442,808,882,74,0.09158
C04443,100,100,0,0.0
C04444,100,100,0,0.0
C04445,100,128,28,0.28
C04446,100,112,12,0.12
C04447,100,104,4,0.04
C04448,100,94,-6,0.06
C04452,100,100,0,0.0
C04453,100,152,52,0.52
C04454,100,90,-10,0.1
C04457,100,103,3,0.03
C04458,100,100,0,0.0
C04461,100,100,0,0.0
C04462,100,126,26,0.26
C04465,100,141,41,0.41
C04468,100,95,-5,0.05
C04469,100,100,0,0.0
C04471,100,116,16,0.16
C04473,100,108,8,0.08
C04475,100,186,86,0.86
C04476,100,84,-16,0.16
C04477,100,103,3,0.03
C04478,100,57,-43,0.43
C04479,100,140,40,0.4
C04480,100,149,49,0.49
C04482,100,112,12,0.12
C04483,100,213,113,1.13
C04484,100,109,9,0.09
C04485,100,85,-15,0.15
C04486,100,115,15,0.15
C04489,100,7,-93,0.93
C04491,100,100,0,0.0
C04494,100,90,-10,0.1
C04498,100,111,11,0.11
C04500,100,99,-1,0.01
C04501,100,194,94,0.94
C04502,100,97,-3,0.03
C04503,100,104,4,0.04
C04504,100,105,5,0.05
C04505,100,118,18,0.18
C04507,100,76,-24,0.24
C04508,100,100,0,0.0
C04512,100,122,22,0.22
C04514,100,100,0,0.0
C04515,100,100,0,0.0
C04516,100,61,-39,0.39
C04517,100,107,7,0.07
C04518,100,81,-19,0.19
C04520,100,100,0,0.0
C04521,100,100,0,0.0
C04522,100,15,-85,0.85
C04524,100,100,0,0.0
C04525,100,55,-45,0.45
C04526,100,100,0,0.0
C04527,100,100,0,0.0
C04529,100,52,-48,0.48
C04530,100,100,0,0.0
C04534,100,81,-19,0.19
C04535,100,100,0,0.0
C04536,100,100,0,0.0
C04537,100,94,-6,0.06
C04540,100,64,-36,0.36
C04541,100,100,0,0.0
C04543,100,100,0,0.0
C04544,100,103,3,0.03
C04546,100,97,-3,0.03
C04547,100,100,0,0.0
C04548,100,100,0,0.0
C04549,100,118,18,0.18
C04552,100,100,0,0.0
C04553,100,52,-48,0.48
C04554,100,101,1,0.01
C04555,100,89,-11,0.11
C04556,100,123,23,0.23
C04558,100,137,37,0.37
C04559,100,0,-100,1.0
C04561,100,77,-23,0.23
C04563,100,117,17,0.17
C04573,100,52,-48,0.48
C04574,100,208,108,1.08
C04575,100,101,1,0.01
C04576,100,139,39,0.39
C04577,100,125,25,0.25
C04578,100,108,8,0.08
C04579,100,115,15,0.15
C04580,100,100,0,0.0
C04581,100,100,0,0.0
C04582,100,85,-15,0.15
C04583,100,100,0,0.0
C04584,100,100,0,0.0
C04586,100,78,-22,0.22
C04589,100,101,1,0.01
C04590,100,101,1,0.01
C04592,100,92,-8,0.08
C04593,100,0,-100,1.0
C04594,100,100,0,0.0
C04596,100,65,-35,0.35
C04597,100,99,-1,0.01
C04598,100,67,-33,0.33
C04599,100,100,0,0.0
C04604,100,7,-93,0.93
C04606,100,84,-16,0.16
C04608,100,41,-59,0.59
C04611,100,140,40,0.4
C04613,100,121,21,0.21
C04614,100,100,0,0.0
C04617,100,141,41,0.41
C04621,100,59,-41,0.41
C04622,100,141,41,0.41
C19558,100,100,0,0.0
C04623,100,4,-96,0.96
C04625,100,5,-95,0.95
C04628,100,2,-98,0.98
C04630,100,74,-26,0.26
C04631,100,125,25,0.25
C04634,100,101,1,0.01
C04635,100,59,-41,0.41
C04636,100,108,8,0.08
C04637,100,60,-40,0.4
C04638,100,112,12,0.12
C04639,100,47,-53,0.53
C04640,100,99,-1,0.01
C04641,100,104,4,0.04
C04642,100,85,-15,0.15
C04643,100,106,6,0.06
C04644,100,123,23,0.23
C04646,100,156,56,0.56
C04648,100,110,10,0.1
C04649,100,114,14,0.14
C04650,100,166,66,0.66
C04652,100,81,-19,0.19
C04654,100,120,20,0.2
C04655,100,56,-44,0.44
C04656,100,80,-20,0.2
C04660,100,100,0,0.0
C04661,100,84,-16,0.16
C04662,100,100,0,0.0
C04665,100,100,0,0.0
C04666,100,128,28,0.28
C04667,100,103,3,0.03
C04670,100,109,9,0.09
C04671,100,75,-25,0.25
C04672,100,75,-25,0.25
C04673,100,169,69,0.69
C04674,100,83,-17,0.17
C04675,100,18,-82,0.82
C04676,100,92,-8,0.08
C04677,100,141,41,0.41
C04678,100,106,6,0.06
C04683,100,96,-4,0.04
C04684,100,100,0,0.0
C04685,100,59,-41,0.41
C04686,100,141,41,0.41
C04687,100,91,-9,0.09
C04690,100,92,-8,0.08
C04691,100,56,-44,0.44
C04692,100,101,1,0.01
C04695,100,103,3,0.03
C04698,100,82,-18,0.18
C04700,100,100,0,0.0
C04702,100,0,-100,1.0
C04703,100,100,0,0.0
C04706,100,96,-4,0.04
C04707,100,132,32,0.32
C04708,100,106,6,0.06
C04709,100,100,0,0.0
C04711,100,116,16,0.16
C04712,100,115,15,0.15
C04713,100,106,6,0.06
C04715,100,100,0,0.0
C04717,100,100,0,0.0
C04718,100,63,-37,0.37
C04719,100,100,0,0.0
C04720,100,117,17,0.17
C04722,100,100,0,0.0
C04729,100,121,21,0.21
C04730,100,144,44,0.44
C04731,100,100,0,0.0
C04732,100,110,10,0.1
C04733,100,100,0,0.0
C04734,100,146,46,0.46
C04737,100,27,-73,0.73
C04738,100,83,-17,0.17
C04739,100,101,1,0.01
C04740,100,105,5,0.05
C04741,100,80,-20,0.2
C04742,100,85,-15,0.15
C04744,100,100,0,0.0
C04746,100,100,0,0.0
C04750,100,93,-7,0.07
C04751,100,100,0,0.0
C04752,100,1,-99,0.99
C04756,100,1,-99,0.99
C04758,100,122,22,0.22
C04760,100,97,-3,0.03
C04767,100,103,3,0.03
C04771,100,84,-16,0.16
C04773,100,65,-35,0.35
C04775,100,109,9,0.09
C04776,100,88,-12,0.12
C04778,100,98,-2,0.02
C04780,100,76,-24,0.24
C04783,100,90,-10,0.1
C04785,100,0,-100,1.0
C04792,100,100,0,0.0
C04793,100,100,0,0.0
C04794,100,100,0,0.0
C04796,100,200,100,1.0
C17758,100,39,-61,0.61
C04797,100,193,93,0.93
C04798,100,100,0,0.0
C04802,100,100,0,0.0
C04805,100,105,5,0.05
C04806,100,103,3,0.03
C04807,100,22,-78,0.78
C04810,100,146,46,0.46
C04812,100,100,0,0.0
C04814,100,99,-1,0.01
C04815,100,148,48,0.48
C04819,100,100,0,0.0
C04822,100,100,0,0.0
C04823,100,62,-38,0.38
C04824,100,94,-6,0.06
C04830,100,101,1,0.01
C04831,100,83,-17,0.17
C04832,100,201,101,1.01
C04833,100,100,0,0.0
C04834,100,113,13,0.13
C04835,100,114,14,0.14
C04839,100,100,0,0.0
C04840,100,66,-34,0.34
C04843,100,112,12,0.12
C04844,100,83,-17,0.17
C04845,100,96,-4,0.04
C04847,100,106,6,0.06
C04849,100,88,-12,0.12
C04850,100,120,20,0.2
C04851,100,149,49,0.49
C04853,100,70,-30,0.3
C04855,100,104,4,0.04
C04856,100,79,-21,0.21
C04858,100,146,46,0.46
C04859,100,100,0,0.0
C04861,100,96,-4,0.04
C04862,100,100,0,0.0
C04864,100,80,-20,0.2
C04865,100,54,-46,0.46
C04867,100,87,-13,0.13
C04871,100,100,0,0.0
C04872,100,103,3,0.03
C04874,100,0,-100,1.0
C04875,100,75,-25,0.25
C04876,100,100,0,0.0
C04877,100,102,2,0.02
C04880,100,99,-1,0.01
C04881,100,83,-17,0.17
C04882,100,44,-56,0.56
C04883,100,125,25,0.25
C04884,100,78,-22,0.22
C04885,100,99,-1,0.01
C04886,100,108,8,0.08
C04887,100,104,4,0.04
C04890,100,103,3,0.03
C04891,100,101,1,0.01
C04894,100,135,35,0.35
C04895,100,0,-100,1.0
C04896,100,67,-33,0.33
C04898,100,100,0,0.0
C04899,100,98,-2,0.02
C04900,100,82,-18,0.18
C04901,100,104,4,0.04
C04902,100,102,2,0.02
C04904,100,100,0,0.0
C04905,100,83,-17,0.17
C04906,100,97,-3,0.03
C04908,100,117,17,0.17
C04909,100,98,-2,0.02
C04910,100,72,-28,0.28
C04911,100,63,-37,0.37
C04914,100,99,-1,0.01
C04916,100,74,-26,0.26
C04917,100,101,1,0.01
C04919,100,18,-82,0.82
C04920,100,102,2,0.02
C04922,100,97,-3,0.03
C04923,100,104,4,0.04
C04924,100,104,4,0.04
C04925,100,149,49,0.49
C04926,100,104,4,0.04
C04927,100,125,25,0.25
C04930,100,101,1,0.01
C04932,100,132,32,0.32
C04934,100,103,3,0.03
C04936,100,104,4,0.04
C04937,100,101,1,0.01
C04938,100,102,2,0.02
C04939,100,101,1,0.01
C04940,100,100,0,0.0
C04942,100,98,-2,0.02
C04944,100,102,2,0.02
C05001,100,100,0,0.0
C05003,100,100,0,0.0
C05005,100,165,65,0.65
C05009,100,100,0,0.0
C05010,100,100,0,0.0
C05011,100,48,-52,0.52
C05016,100,100,0,0.0
C05021,100,100,0,0.0
C05026,100,100,0,0.0
C05028,100,100,0,0.0
C05031,100,100,0,0.0
C05042,100,100,0,0.0
C05057,100,100,0,0.0
C05058,100,100,0,0.0
C05067,100,143,43,0.43
C05071,100,100,0,0.0
C05073,100,142,42,0.42
C05076,100,100,0,0.0
C05079,100,100,0,0.0
C05080,100,108,8,0.08
C05086,100,100,0,0.0
C05100,100,100,0,0.0
C05102,100,105,5,0.05
C05103,100,146,46,0.46
C05104,100,100,0,0.0
C05107,100,26,-74,0.74
C05108,100,33,-67,0.67
C05109,100,111,11,0.11
C05110,100,109,9,0.09
C05111,100,139,39,0.39
C05113,100,100,0,0.0
C05114,100,102,2,0.02
C05116,100,92,-8,0.08
C05117,100,88,-12,0.12
C05118,100,100,0,0.0
C05119,100,100,0,0.0
C05122,100,115,15,0.15
C05123,100,149,49,0.49
C05125,100,128,28,0.28
C05126,100,100,0,0.0
C05127,100,100,0,0.0
C05130,100,143,43,0.43
C05131,100,114,14,0.14
C05133,100,153,53,0.53
C05135,100,109,9,0.09
C05138,100,92,-8,0.08
C05139,100,144,44,0.44
C05140,100,57,-43,0.43
C05141,100,72,-28,0.28
C05143,100,101,1,0.01
C05144,100,110,10,0.1
C05145,100,100,0,0.0
C05146,100,100,0,0.0
C05147,100,62,-38,0.38
C05148,100,100,0,0.0
C05149,100,100,0,0.0
C05151,100,100,0,0.0
C05155,100,100,0,0.0
C05156,100,52,-48,0.48
C05157,100,137,37,0.37
C05158,100,62,-38,0.38
C05159,100,101,1,0.01
C05161,100,128,28,0.28
C05165,100,92,-8,0.08
C05172,100,39,-61,0.61
C05174,100,100,0,0.0
C05175,100,100,0,0.0
C05176,100,0,-100,1.0
C05177,100,100,0,0.0
C05178,100,79,-21,0.21
C05179,100,113,13,0.13
C05183,100,132,32,0.32
C05189,100,81,-19,0.19
C05190,100,41,-59,0.59
C05191,100,134,34,0.34
C05193,100,101,1,0.01
C05194,100,69,-31,0.31
C05195,100,105,5,0.05
C05197,100,99,-1,0.01
C05198,100,97,-3,0.03
C05200,100,102,2,0.02
C05201,100,100,0,0.0
C05202,100,101,1,0.01
C05203,100,103,3,0.03
C05204,100,100,0,0.0
C05205,100,99,-1,0.01
C05206,100,98,-2,0.02
C05207,100,100,0,0.0
C05208,100,49,-51,0.51
C05212,100,52,-48,0.48
C05220,100,70,-30,0.3
C05226,100,83,-17,0.17
C05227,100,89,-11,0.11
C05229,100,60,-40,0.4
C05230,100,140,40,0.4
C05231,100,67,-33,0.33
C05232,100,51,-49,0.49
C05235,100,244,144,1.44
C05239,100,37,-63,0.63
C05243,100,73,-27,0.27
C05247,100,100,0,0.0
C05252,100,100,0,0.0
C05258,100,46,-54,0.54
C05259,100,116,16,0.16
C05260,100,48,-52,0.52
C05261,100,124,24,0.24
C05262,100,52,-48,0.48
C05263,100,124,24,0.24
C05264,100,50,-50,0.5
C05265,100,111,11,0.11
C05266,100,37,-63,0.63
C05267,100,130,30,0.3
C05268,100,41,-59,0.59
C05269,100,117,17,0.17
C05270,100,128,28,0.28
C05271,100,107,7,0.07
C05272,100,158,58,0.58
C05273,100,165,65,0.65
C05274,100,54,-46,0.46
C05275,100,179,79,0.79
C05276,100,160,60,0.6
C05278,100,100,0,0.0
C05279,100,142,42,0.42
C05280,100,58,-42,0.42
C05281,100,86,-14,0.14
C05282,100,100,0,0.0
C05283,100,100,0,0.0
C05284,100,158,58,0.58
C05285,100,120,20,0.2
C05290,100,100,0,0.0
C05291,100,90,-10,0.1
C05293,100,83,-17,0.17
C05294,100,100,0,0.0
C05295,100,100,0,0.0
C05296,100,111,11,0.11
C05297,100,100,0,0.0
C05298,100,100,0,0.0
C05299,100,96,-4,0.04
C05300,100,127,27,0.27
C05301,100,100,0,0.0
C05302,100,96,-4,0.04
C05305,100,68,-32,0.32
C05306,100,107,7,0.07
C05307,100,184,84,0.84
C05308,100,100,0,0.0
C05309,100,106,6,0.06
C05312,100,101,1,0.01
C05313,100,54,-46,0.46
C05314,100,100,0,0.0
C05315,100,99,-1,0.01
C05316,100,100,0,0.0
C05317,100,100,0,0.0
C05318,100,100,0,0.0
C05320,100,102,2,0.02
C05321,100,100,0,0.0
C05322,100,73,-27,0.27
C05324,100,85,-15,0.15
C05325,100,140,40,0.4
C05328,100,147,47,0.47
C05329,100,149,49,0.49
C05330,100,108,8,0.08
C05332,100,125,25,0.25
C05334,100,100,0,0.0
C05335,100,29,-71,0.71
C05336,100,105,5,0.05
C05337,100,0,-100,1.0
C05338,100,8,-92,0.92
C05339,100,100,0,0.0
C05340,100,81,-19,0.19
C05341,100,87,-13,0.13
C05342,100,100,0,0.0
C05343,100,155,55,0.55
C05344,100,100,0,0.0
C05345,100,297,197,1.97
C05349,100,100,0,0.0
C05350,100,145,45,0.45
C05353,100,100,0,0.0
C05356,100,43,-57,0.57
C05357,100,0,-100,1.0
C05358,100,200,100,1.0
C05359,100,1,-99,0.99
C05360,100,95,-5,0.05
C05361,100,139,39,0.39
C05364,100,81,-19,0.19
C05366,100,162,62,0.62
C05371,100,100,0,0.0
C05372,100,100,0,0.0
C05375,100,33,-67,0.67
C05376,100,98,-2,0.02
C05377,100,100,0,0.0
C05378,100,153,53,0.53
C05379,100,80,-20,0.2
C05380,100,102,2,0.02
C05381,100,109,9,0.09
C05382,276,0,-276,1.0
C05383,100,132,32,0.32
C05385,100,96,-4,0.04
C05386,100,100,0,0.0
C05392,100,138,38,0.38
C05394,100,117,17,0.17
C05396,100,93,-7,0.07
C05399,100,77,-23,0.23
C05400,100,85,-15,0.15
C05401,100,40,-60,0.6
C05402,100,106,6,0.06
C05403,100,97,-3,0.03
C05404,100,98,-2,0.02
C05405,100,100,0,0.0
C05406,100,161,61,0.61
C05410,100,100,0,0.0
C05411,100,124,24,0.24
C05412,100,118,18,0.18
C05413,100,122,22,0.22
C05414,100,105,5,0.05
C05416,100,99,-1,0.01
C05417,100,93,-7,0.07
C05421,100,23,-77,0.77
C05422,100,192,92,0.92
C05423,100,84,-16,0.16
C05425,100,125,25,0.25
C05427,100,0,-100,1.0
C05430,100,106,6,0.06
C05431,100,0,-100,1.0
C05432,100,33,-67,0.67
C05433,100,105,5,0.05
C05434,100,99,-1,0.01
C05435,100,0,-100,1.0
C05437,100,94,-6,0.06
C05439,100,211,111,1.11
C05440,100,127,27,0.27
C05441,100,121,21,0.21
C05442,100,101,1,0.01
C05443,100,134,34,0.34
C05444,100,48,-52,0.52
C05445,100,147,47,0.47
C05446,100,4,-96,0.96
C05447,100,96,-4,0.04
C05448,100,109,9,0.09
C05449,100,127,27,0.27
C05450,100,100,0,0.0
C05451,100,105,5,0.05
C05452,100,72,-28,0.28
C05453,100,117,17,0.17
C05454,100,58,-42,0.42
C05455,100,152,52,0.52
C05458,100,146,46,0.46
C05460,100,173,73,0.73
C05463,100,87,-13,0.13
C05464,100,80,-20,0.2
C05465,100,106,6,0.06
C05466,100,119,19,0.19
C05467,100,154,54,0.54
C05468,100,145,45,0.45
C05469,100,52,-48,0.48
C05470,100,137,37,0.37
C05471,100,114,14,0.14
C05472,100,71,-29,0.29
C05473,100,107,7,0.07
C05474,100,64,-36,0.36
C05475,100,114,14,0.14
C05476,100,51,-49,0.49
C05477,100,169,69,0.69
C05478,100,103,3,0.03
C05479,100,177,77,0.77
C05480,100,80,-20,0.2
C05481,100,92,-8,0.08
C05482,100,95,-5,0.05
C05483,100,91,-9,0.09
C05484,100,95,-5,0.05
C05485,100,88,-12,0.12
C05487,100,154,54,0.54
C05488,100,46,-54,0.54
C05489,100,137,37,0.37
C05490,100,88,-12,0.12
C05497,100,84,-16,0.16
C05498,100,116,16,0.16
C05499,100,100,0,0.0
C05500,100,100,0,0.0
C05501,100,99,-1,0.01
C05502,100,100,0,0.0
C05503,100,101,1,0.01
C05504,100,101,1,0.01
C05512,100,73,-27,0.27
C05513,100,48,-52,0.52
C05515,100,98,-2,0.02
C05516,100,166,66,0.66
C05519,100,11,-89,0.89
C05520,100,100,0,0.0
C05526,100,66,-34,0.34
C05527,100,111,11,0.11
C05528,100,93,-7,0.07
C05529,100,100,0,0.0
C05533,100,64,-36,0.36
C05535,100,107,7,0.07
C05537,100,100,0,0.0
C05539,100,73,-27,0.27
C05544,100,104,4,0.04
C05545,100,90,-10,0.1
C05546,100,106,6,0.06
C05548,100,148,48,0.48
C05551,100,151,51,0.51
C05552,100,45,-55,0.55
C05554,100,104,4,0.04
C05556,100,100,0,0.0
C05557,100,38,-62,0.62
C05560,100,57,-43,0.43
C05562,100,100,0,0.0
C05565,100,79,-21,0.21
C05568,100,140,40,0.4
C05570,100,111,11,0.11
C05571,100,138,38,0.38
C05572,100,134,34,0.34
C05574,100,148,48,0.48
C05575,100,145,45,0.45
C05576,100,94,-6,0.06
C05577,100,98,-2,0.02
C05578,100,134,34,0.34
C05579,100,100,0,0.0
C05580,100,108,8,0.08
C05581,100,97,-3,0.03
C05582,100,104,4,0.04
C05584,100,108,8,0.08
C05585,100,102,2,0.02
C05587,100,78,-22,0.22
C05588,100,99,-1,0.01
C05589,100,100,0,0.0
C05590,100,119,19,0.19
C05592,100,100,0,0.0
C05593,100,147,47,0.47
C05594,100,100,0,0.0
C05595,100,141,41,0.41
C05596,100,152,52,0.52
C05598,100,155,55,0.55
C05600,100,167,67,0.67
C05601,100,84,-16,0.16
C05604,100,199,99,0.99
C05607,100,18,-82,0.82
C05608,100,0,-100,1.0
C05610,100,88,-12,0.12
C05613,100,100,0,0.0
C05616,100,136,36,0.36
C05618,100,107,7,0.07
C05620,100,120,20,0.2
C05622,100,103,3,0.03
C05623,100,77,-23,0.23
C05625,100,106,6,0.06
C05627,100,147,47,0.47
C05629,100,86,-14,0.14
C05631,100,117,17,0.17
C05634,100,94,-6,0.06
C05635,100,61,-39,0.39
C05637,100,100,0,0.0
C05638,100,55,-45,0.45
C05639,100,101,1,0.01
C05640,100,100,0,0.0
C05641,100,44,-56,0.56
C05643,100,101,1,0.01
C05644,100,101,1,0.01
C05647,100,100,0,0.0
C05648,100,83,-17,0.17
C05649,100,130,30,0.3
C05650,100,70,-30,0.3
C05651,100,110,10,0.1
C05653,100,90,-10,0.1
C05654,100,38,-62,0.62
C05655,100,112,12,0.12
C05656,100,206,106,1.06
C05657,100,100,0,0.0
C05658,100,143,43,0.43
C05659,100,140,40,0.4
C05660,100,100,0,0.0
C05662,100,73,-27,0.27
C05663,100,154,54,0.54
C08480,100,100,0,0.0
C05665,100,100,0,0.0
C05668,100,0,-100,1.0
C05669,100,116,16,0.16
C05670,100,152,52,0.52
C05672,100,148,48,0.48
C05673,100,0,-100,1.0
C05674,100,70,-30,0.3
C05678,100,69,-31,0.31
C05679,100,91,-9,0.09
C05680,100,93,-7,0.07
C05682,100,103,3,0.03
C05683,100,117,17,0.17
C05684,100,171,71,0.71
C05688,100,0,-100,1.0
C05689,100,14,-86,0.86
C05691,100,61,-39,0.39
C05692,100,125,25,0.25
C05693,100,149,49,0.49
C05694,100,51,-49,0.49
C05695,100,126,26,0.26
C05696,100,62,-38,0.38
C05697,100,161,61,0.61
C05698,100,20,-80,0.8
C05699,100,119,19,0.19
C05703,100,180,80,0.8
C05704,100,116,16,0.16
C05705,100,114,14,0.14
C05710,100,88,-12,0.12
C05711,100,144,44,0.44
C05712,100,9,-91,0.91
C05713,100,84,-16,0.16
C05714,100,134,34,0.34
C05715,100,149,49,0.49
C05717,100,100,0,0.0
C05721,100,100,0,0.0
C05723,100,144,44,0.44
C05726,100,111,11,0.11
C05727,100,122,22,0.22
C05729,100,88,-12,0.12
C05730,100,97,-3,0.03
C05731,100,102,2,0.02
C05744,100,133,33,0.33
C05745,100,58,-42,0.42
C05746,100,128,28,0.28
C05747,100,24,-76,0.76
C05748,100,186,86,0.86
C05749,100,59,-41,0.41
C05750,100,132,32,0.32
C05752,100,0,-100,1.0
C05753,100,137,37,0.37
C05754,100,109,9,0.09
C05755,100,46,-54,0.54
C05756,100,127,27,0.27
C05757,100,38,-62,0.62
C05758,100,164,64,0.64
C05759,100,119,19,0.19
C05760,100,159,59,0.59
C05761,100,0,-100,1.0
C05762,100,133,33,0.33
C05763,100,188,88,0.88
C05764,100,0,-100,1.0
C05765,100,102,2,0.02
C05766,100,75,-25,0.25
C05767,100,136,36,0.36
C05768,100,137,37,0.37
C05769,100,109,9,0.09
C05770,100,148,48,0.48
C05771,100,55,-45,0.45
C05772,100,100,0,0.0
C05773,100,95,-5,0.05
C05774,100,144,44,0.44
C05775,100,165,65,0.65
C05776,100,100,0,0.0
C05777,100,103,3,0.03
C05778,100,53,-47,0.47
C05779,100,100,0,0.0
C05780,100,197,97,0.97
C05781,100,100,0,0.0
C05782,100,63,-37,0.37
C05785,100,138,38,0.38
C05786,100,94,-6,0.06
C05787,100,148,48,0.48
C05789,100,142,42,0.42
C05790,100,107,7,0.07
C05791,100,53,-47,0.47
C05793,100,100,0,0.0
C05794,100,100,0,0.0
C05795,100,102,2,0.02
C05796,100,121,21,0.21
C05797,100,167,67,0.67
C05798,100,133,33,0.33
C05799,100,100,0,0.0
C05800,100,100,0,0.0
C05801,100,100,0,0.0
C05802,100,146,46,0.46
C05803,100,100,0,0.0
C05804,100,100,0,0.0
C05805,100,100,0,0.0
C05807,100,48,-52,0.52
C05808,100,100,0,0.0
C05809,100,84,-16,0.16
C05810,100,150,50,0.5
C05811,100,100,0,0.0
C05812,100,99,-1,0.01
C05813,100,101,1,0.01
C05814,100,100,0,0.0
C05815,100,100,0,0.0
C05817,100,165,65,0.65
C05818,100,100,0,0.0
C05819,100,250,150,1.5
C05820,100,100,0,0.0
C05821,100,89,-11,0.11
C05822,100,91,-9,0.09
C05823,100,98,-2,0.02
C05824,100,182,82,0.82
C05825,100,114,14,0.14
C05827,100,94,-6,0.06
C05828,100,106,6,0.06
C05829,100,166,66,0.66
C05830,100,101,1,0.01
C05831,100,100,0,0.0
C05834,100,100,0,0.0
C05835,100,143,43,0.43
C05837,100,89,-11,0.11
C05838,100,85,-15,0.15
C05839,100,119,19,0.19
C05840,100,135,35,0.35
C05841,100,85,-15,0.15
C05842,100,100,0,0.0
C05843,100,100,0,0.0
C05844,100,139,39,0.39
C05845,100,100,0,0.0
C05848,100,177,77,0.77
C05849,100,168,68,0.68
C16711,100,113,13,0.13
C05850,100,142,42,0.42
C05851,100,135,35,0.35
C05852,100,55,-45,0.45
C05853,100,92,-8,0.08
C05855,100,89,-11,0.11
C05856,100,100,0,0.0
C05860,100,101,1,0.01
C05861,100,104,4,0.04
C05864,100,100,0,0.0
C05868,100,68,-32,0.32
C05892,100,98,-2,0.02
C05893,100,4,-96,0.96
C05895,100,120,20,0.2
C05898,100,49,-51,0.51
C05901,100,150,50,0.5
C05902,100,100,0,0.0
C05903,100,73,-27,0.27
C05904,100,109,9,0.09
C05905,100,41,-59,0.59
C05906,100,45,-55,0.55
C05907,100,81,-19,0.19
C05908,100,103,3,0.03
C05909,100,35,-65,0.65
C05911,100,101,1,0.01
C05912,100,154,54,0.54
C05913,100,80,-20,0.2
C05914,100,81,-19,0.19
C05915,100,87,-13,0.13
C05916,100,194,94,0.94
C05917,100,177,77,0.77
C05918,100,36,-64,0.64
C05920,100,187,87,0.87
C05921,100,7,-93,0.93
C05923,100,75,-25,0.25
C05924,100,145,45,0.45
C05925,100,161,61,0.61
C05927,100,124,24,0.24
C05929,100,100,0,0.0
C05931,100,88,-12,0.12
C05932,100,111,11,0.11
C05933,100,105,5,0.05
C05936,100,96,-4,0.04
C05938,100,167,67,0.67
C05939,100,123,23,0.23
C05941,100,58,-42,0.42
C05942,100,82,-18,0.18
C05944,100,145,45,0.45
C05945,100,101,1,0.01
C05946,100,12,-88,0.88
C05947,100,103,3,0.03
C05949,100,144,44,0.44
C05950,100,131,31,0.31
C05951,100,146,46,0.46
C05952,100,75,-25,0.25
C05953,100,100,0,0.0
C05954,100,59,-41,0.41
C05955,100,178,78,0.78
C05956,100,104,4,0.04
C05957,100,95,-5,0.05
C05958,100,102,2,0.02
C05959,100,86,-14,0.14
C05960,100,110,10,0.1
C05961,100,102,2,0.02
C05962,100,116,16,0.16
C05963,100,94,-6,0.06
C05964,100,117,17,0.17
C05965,100,12,-88,0.88
C05966,100,8,-92,0.92
C05973,100,91,-9,0.09
C05974,100,115,15,0.15
C05977,100,86,-14,0.14
C05979,100,69,-31,0.31
C05980,100,133,33,0.33
C05983,100,62,-38,0.38
C05984,100,92,-8,0.08
C05985,100,146,46,0.46
C05986,100,98,-2,0.02
C05989,100,143,43,0.43
C05990,100,100,0,0.0
C05993,100,61,-39,0.39
C05994,100,50,-50,0.5
C05995,100,152,52,0.52
C05996,100,225,125,1.25
C05998,100,0,-100,1.0
C05999,100,113,13,0.13
C06000,100,100,0,0.0
C06001,100,108,8,0.08
C06002,100,87,-13,0.13
C06006,100,134,34,0.34
C06007,100,32,-68,0.68
C06008,100,100,0,0.0
C06010,100,0,-100,1.0
C06011,100,103,3,0.03
C06017,100,99,-1,0.01
C06018,100,94,-6,0.06
C06019,100,39,-61,0.61
C06021,100,68,-32,0.32
C06022,100,77,-23,0.23
C06023,100,157,57,0.57
C06024,100,83,-17,0.17
C06025,100,0,-100,1.0
C06026,100,0,-100,1.0
C06028,100,150,50,0.5
C06029,100,123,23,0.23
C06030,100,60,-40,0.4
C06031,100,121,21,0.21
C06032,100,170,70,0.7
C06033,100,0,-100,1.0
C06034,100,142,42,0.42
C06035,100,190,90,0.9
C06037,100,137,37,0.37
C06038,100,149,49,0.49
C06040,100,85,-15,0.15
C06044,100,92,-8,0.08
C06046,100,100,0,0.0
C06047,100,0,-100,1.0
C06048,100,7,-93,0.93
C06049,100,100,0,0.0
C06050,100,156,56,0.56
C06051,100,101,1,0.01
C06052,100,147,47,0.47
C06054,100,121,21,0.21
C06056,100,109,9,0.09
C06057,100,144,44,0.44
C06058,100,100,0,0.0
C06060,100,83,-17,0.17
C06062,100,129,29,0.29
C06068,100,146,46,0.46
C06069,100,107,7,0.07
C06070,100,111,11,0.11
C06071,100,100,0,0.0
C06074,100,163,63,0.63
C06075,100,102,2,0.02
C06076,100,104,4,0.04
C06077,100,100,0,0.0
C06078,100,100,0,0.0
C06079,100,156,56,0.56
C06080,100,146,46,0.46
C06081,100,116,16,0.16
C06082,100,208,108,1.08
C06083,100,112,12,0.12
C06084,100,132,32,0.32
C06085,100,107,7,0.07
C06086,100,110,10,0.1
C06087,100,107,7,0.07
C06088,100,202,102,1.02
C06089,100,0,-100,1.0
C06090,100,0,-100,1.0
C06091,100,135,35,0.35
C06092,100,141,41,0.41
C06093,100,7,-93,0.93
C06094,100,201,101,1.01
C06095,100,147,47,0.47
C06096,100,56,-44,0.44
C06098,100,26,-74,0.74
C06099,100,98,-2,0.02
C06102,100,126,26,0.26
C06103,100,83,-17,0.17
C06104,100,102,2,0.02
C06105,100,155,55,0.55
C06108,100,166,66,0.66
C06109,100,53,-47,0.47
C06110,100,147,47,0.47
C06111,100,100,0,0.0
C06112,100,140,40,0.4
C06113,100,144,44,0.44
C06114,100,144,44,0.44
C06115,100,100,0,0.0
C06118,100,112,12,0.12
C06121,100,103,3,0.03
C06123,100,157,57,0.57
C06124,100,38,-62,0.62
C06125,100,83,-17,0.17
C06126,100,94,-6,0.06
C06128,100,131,31,0.31
C06130,100,40,-60,0.6
C06131,100,178,78,0.78
C06132,100,128,28,0.28
C06133,100,93,-7,0.07
C06134,100,107,7,0.07
C06135,100,120,20,0.2
C06136,100,70,-30,0.3
C06138,100,101,1,0.01
C06139,100,131,31,0.31
C06140,100,66,-34,0.34
C06141,100,120,20,0.2
C06142,100,177,77,0.77
C06143,100,83,-17,0.17
C06144,100,153,53,0.53
C06145,100,42,-58,0.58
C06146,100,146,46,0.46
C06151,100,100,0,0.0
C06152,100,100,0,0.0
C06153,100,73,-27,0.27
C06155,100,100,0,0.0
C06156,100,30,-70,0.7
C06157,100,134,34,0.34
C06159,100,107,7,0.07
C06160,100,113,13,0.13
C06161,100,63,-37,0.37
C06162,100,125,25,0.25
C06163,100,119,19,0.19
C06165,100,100,0,0.0
C06167,100,119,19,0.19
C06171,100,67,-33,0.33
C06172,100,151,51,0.51
C06173,100,144,44,0.44
C06174,100,95,-5,0.05
C06175,100,100,0,0.0
C06176,100,120,20,0.2
C06177,100,125,25,0.25
C06178,100,0,-100,1.0
C06179,100,77,-23,0.23
C06180,100,6,-94,0.94
C06181,100,62,-38,0.38
C06182,100,22,-78,0.78
C06183,100,139,39,0.39
C06184,100,99,-1,0.01
C06185,100,146,46,0.46
C06186,100,94,-6,0.06
C06187,100,94,-6,0.06
C06188,100,90,-10,0.1
C06192,100,85,-15,0.15
C06193,100,103,3,0.03
C06194,100,82,-18,0.18
C06195,100,153,53,0.53
C06196,100,125,25,0.25
C06197,100,87,-13,0.13
C06198,100,80,-20,0.2
C06199,100,100,0,0.0
C06201,100,177,77,0.77
C06202,100,43,-57,0.57
C06203,100,107,7,0.07
C06204,100,148,48,0.48
C06205,100,107,7,0.07
C06206,100,86,-14,0.14
C06207,100,146,46,0.46
C06210,100,140,40,0.4
C06212,100,100,0,0.0
C06213,100,100,0,0.0
C06215,100,111,11,0.11
C06216,100,84,-16,0.16
C06218,100,101,1,0.01
C06219,100,105,5,0.05
C06222,100,103,3,0.03
C06224,100,154,54,0.54
C06227,100,100,0,0.0
C06228,100,100,0,0.0
C06230,100,100,0,0.0
C06231,100,127,27,0.27
C06232,100,68,-32,0.32
C06234,100,141,41,0.41
C06238,100,100,0,0.0
C06239,100,100,0,0.0
C06240,100,69,-31,0.31
C06241,100,35,-65,0.65
C06244,100,83,-17,0.17
C06246,100,81,-19,0.19
C06247,100,119,19,0.19
C06248,100,100,0,0.0
C06249,100,57,-43,0.43
C06251,100,111,11,0.11
C06255,100,150,50,0.5
C06257,100,143,43,0.43
C06258,100,184,84,0.84
C06259,100,16,-84,0.84
C06260,100,184,84,0.84
C06262,100,100,0,0.0
C06263,100,100,0,0.0
C06264,100,100,0,0.0
C06265,100,100,0,0.0
C06266,100,100,0,0.0
C06267,100,100,0,0.0
C06268,100,100,0,0.0
C06269,100,100,0,0.0
C06273,100,100,0,0.0
C06299,100,100,0,0.0
C06304,100,102,2,0.02
C06305,100,104,4,0.04
C06306,100,105,5,0.05
C06307,100,103,3,0.03
C06308,100,103,3,0.03
C06309,100,116,16,0.16
C06310,100,127,27,0.27
C06311,100,100,0,0.0
C06312,100,100,0,0.0
C06313,100,108,8,0.08
C06314,100,118,18,0.18
C06315,100,118,18,0.18
C06316,100,100,0,0.0
C06317,100,100,0,0.0
C06318,100,92,-8,0.08
C06319,100,79,-21,0.21
C06320,100,77,-23,0.23
C06321,100,93,-7,0.07
C06322,100,6,-94,0.94
C06323,100,93,-7,0.07
C06324,100,107,7,0.07
C06325,100,94,-6,0.06
C06326,100,95,-5,0.05
C06327,100,130,30,0.3
C06328,100,120,20,0.2
C06330,100,101,1,0.01
C06331,100,99,-1,0.01
C06332,100,72,-28,0.28
C06333,100,100,0,0.0
C06334,100,100,0,0.0
C06335,100,51,-49,0.49
C06336,100,100,0,0.0
C06337,100,93,-7,0.07
C06338,100,100,0,0.0
C06339,100,100,0,0.0
C06341,100,91,-9,0.09
C06342,100,100,0,0.0
C06343,100,99,-1,0.01
C06344,100,100,0,0.0
C06345,100,100,0,0.0
C06346,100,99,-1,0.01
C06347,100,100,0,0.0
C06348,100,101,1,0.01
C06349,100,100,0,0.0
C06350,100,97,-3,0.03
C06351,100,100,0,0.0
C06352,100,100,0,0.0
C06353,100,100,0,0.0
C06354,100,100,0,0.0
C06355,100,100,0,0.0
C06356,100,100,0,0.0
C06357,100,125,25,0.25
C06358,100,125,25,0.25
C06359,100,126,26,0.26
C06360,100,124,24,0.24
C06361,100,89,-11,0.11
C06364,100,94,-6,0.06
C06366,100,99,-1,0.01
C06367,100,70,-30,0.3
C06368,100,184,84,0.84
C06369,100,78,-22,0.22
C06370,100,88,-12,0.12
C06371,100,85,-15,0.15
C06372,100,71,-29,0.29
C06374,100,81,-19,0.19
C06376,100,85,-15,0.15
C06377,100,107,7,0.07
C06379,100,89,-11,0.11
C06380,100,78,-22,0.22
C06382,100,76,-24,0.24
C06383,100,130,30,0.3
C06384,100,118,18,0.18
C06385,100,100,0,0.0
C06386,100,100,0,0.0
C06387,100,57,-43,0.43
C06388,100,56,-44,0.44
C06389,100,144,44,0.44
C06390,100,48,-52,0.52
C06391,100,100,0,0.0
C06392,100,152,52,0.52
C06393,100,86,-14,0.14
C06394,100,13,-87,0.87
C06397,100,58,-42,0.42
C06398,100,142,42,0.42
C06399,100,148,48,0.48
C06403,100,100,0,0.0
C06404,100,100,0,0.0
C06406,100,99,-1,0.01
C06407,100,100,0,0.0
C06408,100,53,-47,0.47
C06413,100,94,-6,0.06
C06414,100,94,-6,0.06
C06415,100,106,6,0.06
C06416,100,144,44,0.44
C06417,100,100,0,0.0
C06418,100,100,0,0.0
C06419,100,121,21,0.21
C06420,100,100,0,0.0
C06421,100,100,0,0.0
C06422,100,100,0,0.0
C06423,100,58,-42,0.42
C06424,100,111,11,0.11
C06425,100,113,13,0.13
C06426,100,114,14,0.14
C06427,100,133,33,0.33
C06428,100,72,-28,0.28
C06429,100,115,15,0.15
C06433,100,82,-18,0.18
C06435,100,79,-21,0.21
C06436,100,100,0,0.0
C06437,100,100,0,0.0
C06438,100,100,0,0.0
C06439,100,100,0,0.0
C06441,100,52,-48,0.48
C06442,100,74,-26,0.26
C06447,100,100,0,0.0
C06450,100,100,0,0.0
C06451,100,125,25,0.25
C06452,100,107,7,0.07
C06453,100,141,41,0.41
C06454,100,107,7,0.07
C06455,100,60,-40,0.4
C06456,100,150,50,0.5
C06457,100,60,-40,0.4
C06459,100,142,42,0.42
C06461,100,100,0,0.0
C06462,100,134,34,0.34
C06463,100,100,0,0.0
C06464,100,100,0,0.0
C06465,100,100,0,0.0
C06466,100,100,0,0.0
C06467,100,100,0,0.0
C06468,100,55,-45,0.45
C06469,100,100,0,0.0
C06470,100,100,0,0.0
C06471,100,100,0,0.0
C06472,100,100,0,0.0
C06473,100,76,-24,0.24
C06474,100,100,0,0.0
C06475,100,100,0,0.0
C06476,100,100,0,0.0
C06477,100,100,0,0.0
C06478,100,100,0,0.0
C06481,100,53,-47,0.47
C06482,100,163,63,0.63
C06483,100,109,9,0.09
C06484,100,132,32,0.32
C06485,100,31,-69,0.69
C06488,100,100,0,0.0
C06489,100,100,0,0.0
C06490,100,100,0,0.0
C06492,100,100,0,0.0
C06493,100,100,0,0.0
C06494,100,100,0,0.0
C06495,100,100,0,0.0
C06496,100,100,0,0.0
C06497,100,100,0,0.0
C06500,100,100,0,0.0
C06501,100,100,0,0.0
C06502,100,100,0,0.0
C06503,100,96,-4,0.04
C06504,100,14,-86,0.86
C06505,100,184,84,0.84
C06506,100,108,8,0.08
C06507,100,40,-60,0.6
C06508,100,151,51,0.51
C06509,100,105,5,0.05
C06510,100,149,49,0.49
C06511,100,100,0,0.0
C06512,100,101,1,0.01
C06513,100,100,0,0.0
C06514,100,100,0,0.0
C06515,100,100,0,0.0
C06516,100,100,0,0.0
C06517,100,136,36,0.36
C06518,100,101,1,0.01
C06520,100,98,-2,0.02
C06521,100,126,26,0.26
C06522,100,133,33,0.33
C06523,100,143,43,0.43
C06524,100,157,57,0.57
C06525,100,100,0,0.0
C06526,100,148,48,0.48
C06527,100,150,50,0.5
C06528,100,148,48,0.48
C06530,100,100,0,0.0
C06532,100,100,0,0.0
C06533,100,100,0,0.0
C06534,100,100,0,0.0
C06535,100,123,23,0.23
C06536,100,12,-88,0.88
C06537,100,100,0,0.0
C06538,100,148,48,0.48
C06539,100,100,0,0.0
C06540,100,100,0,0.0
C06541,100,100,0,0.0
C06542,100,111,11,0.11
C06543,100,141,41,0.41
C06544,100,100,0,0.0
C06545,100,100,0,0.0
C06546,100,114,14,0.14
C06547,100,156,56,0.56
C06548,100,56,-44,0.44
C06550,100,100,0,0.0
C06551,100,86,-14,0.14
C06552,100,100,0,0.0
C06553,100,98,-2,0.02
C06554,100,162,62,0.62
C06555,100,140,40,0.4
C06556,100,83,-17,0.17
C06557,100,100,0,0.0
C06558,100,101,1,0.01
C06559,100,102,2,0.02
C06560,100,85,-15,0.15
C06561,100,114,14,0.14
C06562,100,146,46,0.46
C06563,100,168,68,0.68
C06564,100,165,65,0.65
C06565,100,141,41,0.41
C06566,100,64,-36,0.36
C06568,100,109,9,0.09
C06569,100,136,36,0.36
C06570,100,76,-24,0.24
C06571,100,147,47,0.47
C06573,100,100,0,0.0
C06574,100,100,0,0.0
C06575,100,100,0,0.0
C06576,100,89,-11,0.11
C06577,100,110,10,0.1
C06578,100,100,0,0.0
C06579,100,93,-7,0.07
C06580,100,108,8,0.08
C06581,100,55,-45,0.45
C06584,100,100,0,0.0
C06585,100,87,-13,0.13
C06586,100,113,13,0.13
C06587,100,84,-16,0.16
C06588,100,100,0,0.0
C06589,100,95,-5,0.05
C06592,100,69,-31,0.31
C06593,100,83,-17,0.17
C06594,100,7,-93,0.93
C06596,100,93,-7,0.07
C06597,100,175,75,0.75
C06598,100,63,-37,0.37
C06599,100,110,10,0.1
C06600,100,148,48,0.48
C06601,100,153,53,0.53
C06602,100,144,44,0.44
C06603,100,95,-5,0.05
C06604,100,4,-96,0.96
C06606,100,119,19,0.19
C06607,100,121,21,0.21
C06608,100,136,36,0.36
C06609,100,81,-19,0.19
C18627,100,100,0,0.0
C06610,100,83,-17,0.17
C06611,100,114,14,0.14
C06612,100,110,10,0.1
C06614,100,98,-2,0.02
C06616,100,50,-50,0.5
C06620,100,0,-100,1.0
C06622,100,100,0,0.0
C06624,100,70,-30,0.3
C06625,100,100,0,0.0
C06627,100,54,-46,0.46
C06628,100,100,0,0.0
C06629,100,100,0,0.0
C06630,100,129,29,0.29
C06633,100,113,13,0.13
C06634,100,100,0,0.0
C06635,100,58,-42,0.42
C06636,100,107,7,0.07
C06637,100,144,44,0.44
C06638,100,117,17,0.17
C06639,100,92,-8,0.08
C06640,100,76,-24,0.24
C06641,100,0,-100,1.0
C06644,100,104,4,0.04
C06645,100,87,-13,0.13
C06649,100,75,-25,0.25
C06650,100,124,24,0.24
C06651,100,62,-38,0.38
C06653,100,100,0,0.0
C06654,100,146,46,0.46
C06655,100,115,15,0.15
C06656,100,103,3,0.03
C06657,100,89,-11,0.11
C06658,100,111,11,0.11
C06659,100,100,0,0.0
C06660,100,50,-50,0.5
C06661,100,92,-8,0.08
C06662,100,158,58,0.58
C06663,100,100,0,0.0
C06664,100,139,39,0.39
C06665,100,100,0,0.0
C06667,100,100,0,0.0
C06668,100,100,0,0.0
C06669,100,62,-38,0.38
C06670,100,98,-2,0.02
C06671,100,132,32,0.32
C06672,100,110,10,0.1
C06673,100,149,49,0.49
C06674,100,100,0,0.0
C06676,100,134,34,0.34
C06677,100,100,0,0.0
C06678,100,92,-8,0.08
C06679,100,107,7,0.07
C06680,100,43,-57,0.57
C06681,100,100,0,0.0
C06682,100,100,0,0.0
C06683,100,100,0,0.0
C06684,100,100,0,0.0
C06685,100,100,0,0.0
C06686,100,100,0,0.0
C06687,100,100,0,0.0
C06688,100,99,-1,0.01
C06689,100,153,53,0.53
C06690,100,100,0,0.0
C06691,100,150,50,0.5
C06693,100,100,0,0.0
C06694,100,100,0,0.0
C06695,100,100,0,0.0
C06696,100,100,0,0.0
C06697,100,196,96,0.96
C06701,100,96,-4,0.04
C06702,100,100,0,0.0
C06704,100,100,0,0.0
C06707,100,100,0,0.0
C06710,100,100,0,0.0
C06711,100,74,-26,0.26
C06712,100,126,26,0.26
C06714,100,130,30,0.3
C06715,100,61,-39,0.39
C06717,100,8,-92,0.92
C06718,100,121,21,0.21
C06719,100,62,-38,0.38
C06720,100,94,-6,0.06
C06721,100,91,-9,0.09
C06722,100,109,9,0.09
C06723,100,99,-1,0.01
C06725,100,111,11,0.11
C06726,100,89,-11,0.11
C06727,100,90,-10,0.1
C06728,100,109,9,0.09
C06729,100,65,-35,0.35
C06730,100,134,34,0.34
C06731,100,87,-13,0.13
C06732,100,100,0,0.0
C06733,100,99,-1,0.01
C06734,100,101,1,0.01
C06735,100,149,49,0.49
C06736,100,101,1,0.01
C06737,100,100,0,0.0
C06738,100,98,-2,0.02
C06739,100,102,2,0.02
C06740,100,101,1,0.01
C06742,100,75,-25,0.25
C06743,100,100,0,0.0
C06744,100,76,-24,0.24
C06746,100,86,-14,0.14
C06747,100,100,0,0.0
C06748,100,114,14,0.14
C06749,100,95,-5,0.05
C06751,100,100,0,0.0
C06752,100,88,-12,0.12
C06753,100,90,-10,0.1
C06754,100,262,162,1.62
C06755,100,141,41,0.41
C06756,100,98,-2,0.02
C06757,100,93,-7,0.07
C06758,100,106,6,0.06
C06760,100,67,-33,0.33
C06761,100,95,-5,0.05
C06762,100,140,40,0.4
C06763,100,100,0,0.0
C06764,100,100,0,0.0
C06765,100,100,0,0.0
C06767,100,100,0,0.0
C06769,100,100,0,0.0
C06770,100,100,0,0.0
C06771,100,48,-52,0.52
C06772,100,202,102,1.02
C06773,100,100,0,0.0
C06774,100,100,0,0.0
C06775,100,100,0,0.0
C06776,100,100,0,0.0
C06777,100,100,0,0.0
C06778,100,100,0,0.0
C06779,100,100,0,0.0
C06780,100,100,0,0.0
C06781,100,100,0,0.0
C06782,100,100,0,0.0
C06783,100,100,0,0.0
C06784,100,100,0,0.0
C06785,100,100,0,0.0
C06786,100,100,0,0.0
C06787,100,100,0,0.0
C06788,100,100,0,0.0
C06789,100,56,-44,0.44
C06790,100,0,-100,1.0
C06791,100,89,-11,0.11
C06792,100,101,1,0.01
C06793,100,121,21,0.21
C06799,100,100,0,0.0
C06800,100,99,-1,0.01
C06801,100,100,0,0.0
C06802,100,156,56,0.56
C06803,100,100,0,0.0
C06804,100,100,0,0.0
C06805,100,100,0,0.0
C06806,100,100,0,0.0
C06807,100,100,0,0.0
C06808,100,100,0,0.0
C06809,100,100,0,0.0
C06810,100,100,0,0.0
C06812,100,100,0,0.0
C14002,100,100,0,0.0
C06813,100,62,-38,0.38
C06814,100,100,0,0.0
C06817,100,100,0,0.0
C06818,100,100,0,0.0
C06819,100,100,0,0.0
C06820,100,100,0,0.0
C06821,100,100,0,0.0
C06823,100,100,0,0.0
C06824,100,100,0,0.0
C06825,100,100,0,0.0
C06827,100,100,0,0.0
C06830,100,100,0,0.0
C06831,100,100,0,0.0
C06832,100,100,0,0.0
C06834,100,100,0,0.0
C06837,100,53,-47,0.47
C06838,100,100,0,0.0
C06839,100,100,0,0.0
C06840,100,100,0,0.0
C06842,100,100,0,0.0
C06843,100,100,0,0.0
C06846,100,100,0,0.0
C06847,100,100,0,0.0
C06849,100,100,0,0.0
C06850,100,100,0,0.0
C06852,100,100,0,0.0
C06853,100,100,0,0.0
C06854,100,100,0,0.0
C15773,100,100,0,0.0
C06855,100,100,0,0.0
C06856,100,100,0,0.0
C06857,100,100,0,0.0
C06860,100,100,0,0.0
C06861,100,100,0,0.0
C06862,100,100,0,0.0
C06863,100,100,0,0.0
C06865,100,100,0,0.0
C06866,100,134,34,0.34
C06868,100,53,-47,0.47
C06869,100,100,0,0.0
C06870,100,100,0,0.0
C06871,100,100,0,0.0
C06872,100,100,0,0.0
C06874,100,100,0,0.0
C06875,100,100,0,0.0
C06876,100,101,1,0.01
C06877,100,100,0,0.0
C06878,100,100,0,0.0
C06879,100,100,0,0.0
C06880,100,100,0,0.0
C06881,100,100,0,0.0
C06882,100,100,0,0.0
C06883,100,100,0,0.0
C06884,100,100,0,0.0
C06885,100,100,0,0.0
C06886,100,100,0,0.0
C06887,100,100,0,0.0
C06888,100,100,0,0.0
C06889,100,100,0,0.0
C06890,100,100,0,0.0
C06891,100,146,46,0.46
C06892,100,153,53,0.53
C06894,100,100,0,0.0
C06895,100,100,0,0.0
C06896,100,100,0,0.0
C06899,100,65,-35,0.35
C06902,100,100,0,0.0
C06905,100,100,0,0.0
C06906,100,100,0,0.0
C06909,100,100,0,0.0
C06910,100,100,0,0.0
C06911,100,100,0,0.0
C06912,100,100,0,0.0
C06913,100,100,0,0.0
C06914,100,100,0,0.0
C13684,100,100,0,0.0
C06915,100,100,0,0.0
C06916,100,100,0,0.0
C06917,100,100,0,0.0
C06918,100,100,0,0.0
C06921,100,100,0,0.0
C06922,100,100,0,0.0
C06923,100,100,0,0.0
C06924,100,100,0,0.0
C06925,100,100,0,0.0
C06928,100,100,0,0.0
C06930,100,100,0,0.0
C06931,100,100,0,0.0
C06932,100,100,0,0.0
C06935,100,100,0,0.0
C06936,100,100,0,0.0
C06939,100,100,0,0.0
C06940,100,100,0,0.0
C06941,100,100,0,0.0
C06943,100,100,0,0.0
C06944,100,100,0,0.0
C06946,100,100,0,0.0
C06947,100,100,0,0.0
C06948,100,100,0,0.0
C06949,100,100,0,0.0
C06950,100,100,0,0.0
C06951,100,100,0,0.0
C06953,100,100,0,0.0
C06954,100,100,0,0.0
C06955,100,100,0,0.0
C06956,100,100,0,0.0
C06957,100,100,0,0.0
C06958,100,100,0,0.0
C06961,100,100,0,0.0
C06963,100,100,0,0.0
C06965,100,100,0,0.0
C06967,100,100,0,0.0
C06969,100,100,0,0.0
C06970,100,100,0,0.0
C06971,100,100,0,0.0
C06972,100,155,55,0.55
C06973,100,100,0,0.0
C06975,100,100,0,0.0
C06976,100,100,0,0.0
C06977,100,100,0,0.0
C06978,100,100,0,0.0
C06979,100,100,0,0.0
C06980,100,100,0,0.0
C06984,100,100,0,0.0
C06986,100,163,63,0.63
C06988,100,36,-64,0.64
C06990,100,200,100,1.0
C06996,100,100,0,0.0
C06997,100,100,0,0.0
C06999,100,100,0,0.0
C07001,100,100,0,0.0
C07004,100,100,0,0.0
C07005,100,100,0,0.0
C07006,100,100,0,0.0
C07010,100,100,0,0.0
C07014,100,100,0,0.0
C07016,100,100,0,0.0
C07022,100,100,0,0.0
C07023,100,100,0,0.0
C07024,100,52,-48,0.48
C07027,100,99,-1,0.01
C07034,100,100,0,0.0
C07035,100,100,0,0.0
C07036,100,100,0,0.0
C07037,100,100,0,0.0
C07040,100,100,0,0.0
C07041,100,100,0,0.0
C07042,100,100,0,0.0
C07043,100,100,0,0.0
C07044,100,102,2,0.02
C07045,100,100,0,0.0
C07047,100,6,-94,0.94
C07049,100,100,0,0.0
C07051,100,100,0,0.0
C07052,100,100,0,0.0
C07053,100,100,0,0.0
C07054,100,7,-93,0.93
C07055,100,100,0,0.0
C07056,100,100,0,0.0
C07062,100,100,0,0.0
C07063,100,100,0,0.0
C07064,100,100,0,0.0
C07065,100,100,0,0.0
C07069,100,100,0,0.0
C07070,100,100,0,0.0
C07072,100,100,0,0.0
C07073,100,31,-69,0.69
C07074,100,100,0,0.0
C07075,100,55,-45,0.45
C07078,100,100,0,0.0
C07079,100,100,0,0.0
C07080,100,100,0,0.0
C07083,100,197,97,0.97
C07084,100,89,-11,0.11
C07086,100,40,-60,0.6
C07087,100,87,-13,0.13
C07088,100,117,17,0.17
C07090,100,128,28,0.28
C07091,100,125,25,0.25
C07092,100,98,-2,0.02
C07093,100,90,-10,0.1
C07094,100,110,10,0.1
C07095,100,150,50,0.5
C07096,100,99,-1,0.01
C07097,100,130,30,0.3
C07098,100,100,0,0.0
C07099,100,104,4,0.04
C07100,100,100,0,0.0
C07101,100,100,0,0.0
C07103,100,101,1,0.01
C07104,100,100,0,0.0
C07105,100,100,0,0.0
C07106,100,100,0,0.0
C07107,100,100,0,0.0
C07108,100,45,-55,0.55
C07111,100,26,-74,0.74
C07112,100,120,20,0.2
C07113,100,104,4,0.04
C07114,100,97,-3,0.03
C07115,100,100,0,0.0
C07116,100,100,0,0.0
C07117,100,100,0,0.0
C07118,100,62,-38,0.38
C07119,100,100,0,0.0
C07120,100,100,0,0.0
C07123,100,83,-17,0.17
C07124,100,100,0,0.0
C07125,100,100,0,0.0
C07126,100,100,0,0.0
C07127,100,100,0,0.0
C07128,100,100,0,0.0
C07129,100,100,0,0.0
C07130,100,99,-1,0.01
C07132,100,100,0,0.0
C07139,100,100,0,0.0
C07140,100,100,0,0.0
C07141,100,100,0,0.0
C07142,100,100,0,0.0
C07143,100,100,0,0.0
C07144,100,100,0,0.0
C07146,100,100,0,0.0
C07147,100,100,0,0.0
C07148,100,100,0,0.0
C07149,100,100,0,0.0
C07151,100,100,0,0.0
C07153,100,100,0,0.0
C07155,100,100,0,0.0
C07156,100,100,0,0.0
C07159,100,100,0,0.0
C07160,100,100,0,0.0
C07163,100,57,-43,0.43
C07164,100,100,0,0.0
C07165,100,100,0,0.0
C07166,100,100,0,0.0
C07168,100,100,0,0.0
C07171,100,100,0,0.0
C07172,100,100,0,0.0
C07174,100,100,0,0.0
C07175,100,100,0,0.0
C07177,100,100,0,0.0
C07178,100,100,0,0.0
C07180,100,100,0,0.0
C07182,100,100,0,0.0
C07184,100,100,0,0.0
C07185,100,0,-100,1.0
C07187,100,100,0,0.0
C07188,100,100,0,0.0
C07189,100,100,0,0.0
C07192,100,100,0,0.0
C07194,100,100,0,0.0
C07195,100,100,0,0.0
C07196,100,100,0,0.0
C07198,100,100,0,0.0
C07199,100,100,0,0.0
C07201,100,96,-4,0.04
C07202,100,100,0,0.0
C07204,100,140,40,0.4
C07205,100,100,0,0.0
C07206,100,100,0,0.0
C07207,100,100,0,0.0
C07208,100,100,0,0.0
C07209,100,107,7,0.07
C07210,100,100,0,0.0
C07211,100,105,5,0.05
C07212,100,100,0,0.0
C07214,100,96,-4,0.04
C07215,100,108,8,0.08
C07216,100,88,-12,0.12
C07218,100,100,0,0.0
C07219,100,100,0,0.0
C07220,100,100,0,0.0
C07221,100,100,0,0.0
C07222,100,100,0,0.0
C07224,100,100,0,0.0
C07225,100,100,0,0.0
C07228,100,100,0,0.0
C07230,100,100,0,0.0
C07231,100,100,0,0.0
C07235,100,100,0,0.0
C07239,100,100,0,0.0
C07240,100,100,0,0.0
C07241,100,100,0,0.0
C07245,100,100,0,0.0
C07246,100,100,0,0.0
C07247,100,100,0,0.0
C07250,100,100,0,0.0
C07251,100,100,0,0.0
C07252,100,100,0,0.0
C07253,100,100,0,0.0
C07254,100,100,0,0.0
C07255,100,100,0,0.0
C07256,100,100,0,0.0
C07257,100,100,0,0.0
C07258,100,100,0,0.0
C07259,100,100,0,0.0
C07261,100,100,0,0.0
C07263,100,100,0,0.0
C07264,100,100,0,0.0
C07266,100,100,0,0.0
C07267,100,100,0,0.0
C07268,100,100,0,0.0
C07269,100,100,0,0.0
C07270,100,100,0,0.0
C07271,100,84,-16,0.16
C07272,100,86,-14,0.14
C07273,100,100,0,0.0
C07274,100,100,0,0.0
C07275,100,100,0,0.0
C07276,100,112,12,0.12
C18020,100,91,-9,0.09
C07277,100,39,-61,0.61
C07278,100,112,12,0.12
C07279,100,100,0,0.0
C07280,100,100,0,0.0
C07283,100,100,0,0.0
C07285,100,100,0,0.0
C07287,100,108,8,0.08
C07288,100,92,-8,0.08
C07289,100,101,1,0.01
C07290,100,99,-1,0.01
C07294,100,87,-13,0.13
C07295,100,113,13,0.13
C07296,100,51,-49,0.49
C07297,100,149,49,0.49
C07299,100,87,-13,0.13
C07301,100,90,-10,0.1
C07302,100,100,0,0.0
C07303,100,45,-55,0.55
C07304,100,63,-37,0.37
C07306,100,100,0,0.0
C07307,100,66,-34,0.34
C07308,100,101,1,0.01
C07309,100,100,0,0.0
C07310,100,100,0,0.0
C07311,100,100,0,0.0
C07312,100,100,0,0.0
C07313,100,100,0,0.0
C07314,100,100,0,0.0
C07315,100,100,0,0.0
C07316,100,100,0,0.0
C07317,100,100,0,0.0
C07318,100,100,0,0.0
C07319,100,100,0,0.0
C07320,100,100,0,0.0
C07321,100,100,0,0.0
C07322,100,100,0,0.0
C07323,100,100,0,0.0
C07324,100,100,0,0.0
C07325,100,100,0,0.0
C07326,100,92,-8,0.08
C07327,100,100,0,0.0
C07328,100,96,-4,0.04
C07329,100,122,22,0.22
C07330,100,103,3,0.03
C07331,100,114,14,0.14
C07332,100,100,0,0.0
C07334,100,100,0,0.0
C07335,100,53,-47,0.47
C07336,100,100,0,0.0
C07338,100,100,0,0.0
C07339,100,100,0,0.0
C07340,100,100,0,0.0
C07341,100,100,0,0.0
C07342,100,100,0,0.0
C07343,100,100,0,0.0
C07344,100,101,1,0.01
C07345,100,100,0,0.0
C07347,100,99,-1,0.01
C07348,100,101,1,0.01
C07349,100,138,38,0.38
C07350,100,100,0,0.0
C07351,100,100,0,0.0
C07354,100,136,36,0.36
C07355,100,100,0,0.0
C07356,100,100,0,0.0
C07357,100,100,0,0.0
C07359,100,100,0,0.0
C07360,100,100,0,0.0
C07361,100,100,0,0.0
C07362,100,100,0,0.0
C07363,100,100,0,0.0
C07366,100,100,0,0.0
C07368,100,100,0,0.0
C07369,100,100,0,0.0
C07370,100,100,0,0.0
C07371,100,100,0,0.0
C07372,100,100,0,0.0
C07373,100,100,0,0.0
C07375,100,100,0,0.0
C07376,100,100,0,0.0
C07378,100,100,0,0.0
C07379,100,100,0,0.0
C07381,100,100,0,0.0
C07383,100,100,0,0.0
C07384,100,100,0,0.0
C07389,100,100,0,0.0
C07391,100,100,0,0.0
C07393,100,100,0,0.0
C07394,100,173,73,0.73
C07395,100,100,0,0.0
C07397,100,100,0,0.0
C07398,100,100,0,0.0
C07400,100,100,0,0.0
C07401,100,100,0,0.0
C07402,100,100,0,0.0
C07403,100,100,0,0.0
C07404,100,100,0,0.0
C07405,100,100,0,0.0
C07406,100,100,0,0.0
C07407,100,100,0,0.0
C07408,100,100,0,0.0
C07409,100,100,0,0.0
C07410,100,100,0,0.0
C07411,100,100,0,0.0
C07412,100,100,0,0.0
C07413,100,100,0,0.0
C07414,100,100,0,0.0
C07415,100,100,0,0.0
C07416,100,100,0,0.0
C07417,100,100,0,0.0
C07418,100,100,0,0.0
C07420,100,100,0,0.0
C07421,100,100,0,0.0
C07422,100,100,0,0.0
C07423,100,100,0,0.0
C07424,100,100,0,0.0
C07425,100,100,0,0.0
C07427,100,100,0,0.0
C07428,100,100,0,0.0
C07429,100,100,0,0.0
C07430,100,100,0,0.0
C07431,100,100,0,0.0
C07432,100,100,0,0.0
C07434,100,100,0,0.0
C07435,100,100,0,0.0
C07436,100,100,0,0.0
C07437,100,100,0,0.0
C07438,100,100,0,0.0
C07440,100,100,0,0.0
C07441,100,100,0,0.0
C07443,100,100,0,0.0
C07445,100,100,0,0.0
C07446,100,94,-6,0.06
C07447,100,105,5,0.05
C07448,100,100,0,0.0
C07449,100,100,0,0.0
C07450,100,100,0,0.0
C07451,100,100,0,0.0
C07452,100,100,0,0.0
C07453,100,100,0,0.0
C07455,100,100,0,0.0
C07456,100,100,0,0.0
C07457,100,100,0,0.0
C07458,100,100,0,0.0
C07459,100,100,0,0.0
C07460,100,100,0,0.0
C07461,100,100,0,0.0
C07463,100,100,0,0.0
C07464,100,100,0,0.0
C07465,100,100,0,0.0
C07466,100,100,0,0.0
C07467,100,100,0,0.0
C07468,100,100,0,0.0
C07469,100,100,0,0.0
C07471,100,100,0,0.0
C07473,100,100,0,0.0
C07474,100,116,16,0.16
C07475,100,142,42,0.42
C07478,100,66,-34,0.34
C07479,100,88,-12,0.12
C07480,100,103,3,0.03
C07481,100,81,-19,0.19
C07482,100,100,0,0.0
C07484,100,100,0,0.0
C07485,100,100,0,0.0
C07486,100,100,0,0.0
C07487,100,100,0,0.0
C07488,100,100,0,0.0
C07489,100,100,0,0.0
C07490,100,79,-21,0.21
C07491,100,100,0,0.0
C07492,100,51,-49,0.49
C07493,100,114,14,0.14
C07494,100,100,0,0.0
C07495,100,152,52,0.52
C07496,100,83,-17,0.17
C07497,100,100,0,0.0
C07499,100,100,0,0.0
C07500,100,100,0,0.0
C07501,100,78,-22,0.22
C07502,100,100,0,0.0
C07503,100,100,0,0.0
C07504,100,100,0,0.0
C07505,100,100,0,0.0
C07506,100,100,0,0.0
C07508,100,100,0,0.0
C07509,100,100,0,0.0
C07510,100,100,0,0.0
C07511,100,100,0,0.0
C07512,100,100,0,0.0
C07513,100,100,0,0.0
C07514,100,100,0,0.0
C07515,100,100,0,0.0
C07516,100,100,0,0.0
C07517,100,100,0,0.0
C07518,100,100,0,0.0
C07519,100,100,0,0.0
C07520,100,100,0,0.0
C07521,100,100,0,0.0
C07522,100,100,0,0.0
C07523,100,100,0,0.0
C07524,100,100,0,0.0
C07525,100,100,0,0.0
C07526,100,100,0,0.0
C07527,100,100,0,0.0
C07528,100,100,0,0.0
C07529,100,100,0,0.0
C07530,100,100,0,0.0
C07531,100,100,0,0.0
C07532,100,100,0,0.0
C07533,100,100,0,0.0
C07534,100,100,0,0.0
C07535,100,100,0,0.0
C07536,100,100,0,0.0
C07537,100,100,0,0.0
C07538,100,100,0,0.0
C07539,100,100,0,0.0
C07540,100,100,0,0.0
C07541,100,100,0,0.0
C07542,100,100,0,0.0
C07543,100,100,0,0.0
C07544,100,100,0,0.0
C07545,100,100,0,0.0
C07546,100,100,0,0.0
C07547,100,126,26,0.26
C07548,100,100,0,0.0
C07549,100,100,0,0.0
C07550,100,100,0,0.0
C07551,100,100,0,0.0
C07552,100,100,0,0.0
C07553,100,100,0,0.0
C07554,100,100,0,0.0
C07555,100,100,0,0.0
C07556,100,100,0,0.0
C07557,100,100,0,0.0
C07558,100,100,0,0.0
C07559,100,100,0,0.0
C07561,100,100,0,0.0
C07564,100,100,0,0.0
C07565,100,115,15,0.15
C07566,100,100,0,0.0
C07567,100,100,0,0.0
C07568,100,100,0,0.0
C07569,100,100,0,0.0
C07570,100,100,0,0.0
C07571,100,100,0,0.0
C07572,100,11,-89,0.89
C07573,100,100,0,0.0
C07574,100,100,0,0.0
C07575,100,100,0,0.0
C07576,100,40,-60,0.6
C07577,100,100,0,0.0
C07578,100,152,52,0.52
C07580,100,100,0,0.0
C07581,100,100,0,0.0
C07582,100,100,0,0.0
C07584,100,100,0,0.0
C07585,100,91,-9,0.09
C07586,100,100,0,0.0
C07587,100,100,0,0.0
C07588,100,100,0,0.0
C07589,100,100,0,0.0
C07590,100,100,0,0.0
C07591,100,100,0,0.0
C07592,100,110,10,0.1
C07593,100,144,44,0.44
C07594,100,100,0,0.0
C07596,100,100,0,0.0
C07597,100,100,0,0.0
C07598,100,100,0,0.0
C07599,100,100,0,0.0
C07600,100,100,0,0.0
C07601,100,116,16,0.16
C07602,100,100,0,0.0
C07603,100,100,0,0.0
C07604,100,100,0,0.0
C07605,100,100,0,0.0
C07606,100,100,0,0.0
C07607,100,100,0,0.0
C07608,100,100,0,0.0
C07609,100,100,0,0.0
C07610,100,100,0,0.0
C07612,100,100,0,0.0
C07613,100,100,0,0.0
C07615,100,100,0,0.0
C07616,100,100,0,0.0
C07617,100,100,0,0.0
C07618,100,100,0,0.0
C07619,100,100,0,0.0
C07620,100,100,0,0.0
C07621,100,100,0,0.0
C07622,100,100,0,0.0
C07624,100,100,0,0.0
C07625,100,100,0,0.0
C07626,100,100,0,0.0
C07627,100,100,0,0.0
C07628,100,100,0,0.0
C07629,100,100,0,0.0
C07630,100,100,0,0.0
C07631,100,100,0,0.0
C07632,100,100,0,0.0
C07633,100,100,0,0.0
C07634,100,100,0,0.0
C07635,100,89,-11,0.11
C07636,100,100,0,0.0
C07637,100,100,0,0.0
C07638,100,100,0,0.0
C07639,100,80,-20,0.2
C07640,100,100,0,0.0
C07641,100,100,0,0.0
C07642,100,100,0,0.0
C07643,100,24,-76,0.76
C07644,100,136,36,0.36
C07645,100,28,-72,0.72
C07646,100,81,-19,0.19
C07647,100,142,42,0.42
C07648,100,43,-57,0.57
C07649,100,1,-99,0.99
C07650,100,100,0,0.0
C07651,100,100,0,0.0
C07652,100,100,0,0.0
C07653,100,100,0,0.0
C07654,100,100,0,0.0
C07655,100,100,0,0.0
C07656,100,100,0,0.0
C07657,100,100,0,0.0
C07658,100,100,0,0.0
C07659,100,100,0,0.0
C07660,100,100,0,0.0
C07661,100,100,0,0.0
C07662,100,100,0,0.0
C07663,100,100,0,0.0
C07664,100,100,0,0.0
C07665,100,100,0,0.0
C07666,100,100,0,0.0
C07668,100,100,0,0.0
C07669,100,100,0,0.0
C07670,100,100,0,0.0
C07671,100,100,0,0.0
C07672,100,100,0,0.0
C07673,100,100,0,0.0
C07674,100,100,0,0.0
C07675,100,100,0,0.0
C07677,100,100,0,0.0
C07693,100,100,0,0.0
C07695,100,100,0,0.0
C07699,100,100,0,0.0
C07701,100,100,0,0.0
C07704,100,100,0,0.0
C07706,100,100,0,0.0
C07707,100,100,0,0.0
C07708,100,100,0,0.0
C07709,100,100,0,0.0
C07710,100,100,0,0.0
C07711,100,100,0,0.0
C07712,100,100,0,0.0
C07713,100,100,0,0.0
C07715,100,99,-1,0.01
C07717,100,149,49,0.49
C07718,100,86,-14,0.14
C07719,100,192,92,0.92
C07721,100,51,-49,0.49
C07724,100,101,1,0.01
C07725,100,85,-15,0.15
C07726,100,99,-1,0.01
C07727,100,114,14,0.14
C07729,100,100,0,0.0
C07731,100,77,-23,0.23
C07732,100,100,0,0.0
C07733,100,100,0,0.0
C07734,100,80,-20,0.2
C07736,100,100,0,0.0
C07740,100,100,0,0.0
C07743,100,100,0,0.0
C07750,100,100,0,0.0
C07751,100,100,0,0.0
C07752,100,100,0,0.0
C07753,100,100,0,0.0
C07755,100,100,0,0.0
C07756,100,114,14,0.14
C07758,100,100,0,0.0
C07759,100,100,0,0.0
C07760,100,100,0,0.0
C07761,100,100,0,0.0
C07763,100,100,0,0.0
C07764,100,100,0,0.0
C07765,100,100,0,0.0
C07766,100,100,0,0.0
C07767,100,100,0,0.0
C07768,100,100,0,0.0
C07770,100,100,0,0.0
C14001,100,100,0,0.0
C07771,100,100,0,0.0
C07773,100,100,0,0.0
C07774,100,100,0,0.0
C07777,100,100,0,0.0
C07778,100,100,0,0.0
C07780,100,100,0,0.0
C07783,100,100,0,0.0
C07785,100,100,0,0.0
C07789,100,100,0,0.0
C07790,100,100,0,0.0
C07792,100,100,0,0.0
C07798,100,100,0,0.0
C07805,100,100,0,0.0
C07807,100,100,0,0.0
C07809,100,100,0,0.0
C07811,100,100,0,0.0
C07813,100,100,0,0.0
C07814,100,100,0,0.0
C07815,100,100,0,0.0
C07816,100,100,0,0.0
C07818,100,100,0,0.0
C07819,100,100,0,0.0
C07825,100,100,0,0.0
C07826,100,100,0,0.0
C07827,100,100,0,0.0
C07829,100,100,0,0.0
C07832,100,100,0,0.0
C07833,100,100,0,0.0
C07834,100,100,0,0.0
C07836,100,135,35,0.35
C07837,100,100,0,0.0
C07838,100,121,21,0.21
C07839,100,100,0,0.0
C07840,100,100,0,0.0
C07841,100,100,0,0.0
C07844,100,100,0,0.0
C07846,100,100,0,0.0
C07849,100,100,0,0.0
C07851,100,100,0,0.0
C07852,100,100,0,0.0
C07853,100,100,0,0.0
C07861,100,100,0,0.0
C07862,100,100,0,0.0
C07864,100,100,0,0.0
C07865,100,100,0,0.0
C07866,100,100,0,0.0
C07868,100,100,0,0.0
C07870,100,100,0,0.0
C07871,100,100,0,0.0
C07872,100,100,0,0.0
C07874,100,100,0,0.0
C07875,100,100,0,0.0
C07876,100,100,0,0.0
C07877,100,100,0,0.0
C07879,100,100,0,0.0
C07880,100,100,0,0.0
C07884,100,100,0,0.0
C07886,100,100,0,0.0
C07887,100,100,0,0.0
C07888,100,51,-49,0.49
C07889,100,100,0,0.0
C07890,100,100,0,0.0
C07892,100,100,0,0.0
C07894,100,100,0,0.0
C07895,100,100,0,0.0
C07898,100,100,0,0.0
C07899,100,100,0,0.0
C07904,100,100,0,0.0
C07905,100,100,0,0.0
C07906,100,100,0,0.0
C07908,100,100,0,0.0
C07909,100,100,0,0.0
C07910,100,100,0,0.0
C07912,100,100,0,0.0
C07913,100,100,0,0.0
C07914,100,100,0,0.0
C07915,100,100,0,0.0
C07919,100,100,0,0.0
C07921,100,100,0,0.0
C07927,100,100,0,0.0
C07928,100,100,0,0.0
C07930,100,100,0,0.0
C07931,100,100,0,0.0
C07933,100,100,0,0.0
C07934,100,100,0,0.0
C07935,100,100,0,0.0
C07937,100,100,0,0.0
C07939,100,100,0,0.0
C07941,100,100,0,0.0
C07943,100,100,0,0.0
C07946,100,100,0,0.0
C07949,100,100,0,0.0
C07953,100,100,0,0.0
C07955,100,100,0,0.0
C07956,100,100,0,0.0
C07964,100,100,0,0.0
C07965,100,100,0,0.0
C07966,100,100,0,0.0
C07967,100,100,0,0.0
C07968,100,100,0,0.0
C07971,100,100,0,0.0
C07973,100,100,0,0.0
C07974,100,100,0,0.0
C07982,100,100,0,0.0
C07995,100,100,0,0.0
C07996,100,100,0,0.0
C07997,100,100,0,0.0
C07999,100,100,0,0.0
C08001,100,100,0,0.0
C08002,100,100,0,0.0
C08005,100,100,0,0.0
C08007,100,100,0,0.0
C08010,100,100,0,0.0
C08012,100,49,-51,0.51
C08014,100,100,0,0.0
C08018,100,100,0,0.0
C08019,100,100,0,0.0
C08021,100,100,0,0.0
C08022,100,100,0,0.0
C08024,100,100,0,0.0
C08026,100,100,0,0.0
C08027,100,100,0,0.0
C08029,100,100,0,0.0
C08031,100,100,0,0.0
C08032,100,100,0,0.0
C08033,100,100,0,0.0
C08034,100,100,0,0.0
C08037,100,100,0,0.0
C08039,100,100,0,0.0
C08040,100,100,0,0.0
C08042,100,100,0,0.0
C08043,100,100,0,0.0
C08046,100,100,0,0.0
C08050,100,100,0,0.0
C08051,100,100,0,0.0
C08053,100,100,0,0.0
C08054,100,100,0,0.0
C08055,100,100,0,0.0
C08059,100,100,0,0.0
C08060,100,100,0,0.0
C08061,100,100,0,0.0
C08063,100,108,8,0.08
C08064,100,100,0,0.0
C08065,100,100,0,0.0
C08066,100,100,0,0.0
C08067,100,100,0,0.0
C08068,100,100,0,0.0
C08069,100,100,0,0.0
C08070,100,100,0,0.0
C08071,100,100,0,0.0
C08072,100,100,0,0.0
C08073,100,100,0,0.0
C08074,100,100,0,0.0
C08075,100,100,0,0.0
C08076,100,100,0,0.0
C08079,100,100,0,0.0
C08080,100,100,0,0.0
C08082,100,100,0,0.0
C08086,100,100,0,0.0
C08087,100,100,0,0.0
C08088,100,100,0,0.0
C08089,100,100,0,0.0
C08090,100,100,0,0.0
C08091,100,100,0,0.0
C08092,100,100,0,0.0
C08093,100,100,0,0.0
C08094,100,100,0,0.0
C08095,100,100,0,0.0
C08099,100,100,0,0.0
C08100,100,100,0,0.0
C08101,100,100,0,0.0
C08102,100,100,0,0.0
C08103,100,100,0,0.0
C08104,100,100,0,0.0
C08105,100,100,0,0.0
C08106,100,100,0,0.0
C08107,100,100,0,0.0
C08108,100,100,0,0.0
C08110,100,100,0,0.0
C08111,100,100,0,0.0
C08112,100,100,0,0.0
C08113,100,100,0,0.0
C08114,100,100,0,0.0
C08115,100,100,0,0.0
C08117,100,100,0,0.0
C08118,100,100,0,0.0
C08122,100,100,0,0.0
C08123,100,100,0,0.0
C08124,100,100,0,0.0
C08126,100,100,0,0.0
C08127,100,100,0,0.0
C08129,100,100,0,0.0
C08130,100,100,0,0.0
C08133,100,100,0,0.0
C08136,100,100,0,0.0
C08141,100,100,0,0.0
C08142,100,100,0,0.0
C08145,100,100,0,0.0
C08146,100,100,0,0.0
C08148,100,100,0,0.0
C08149,100,100,0,0.0
C08153,100,100,0,0.0
C08150,100,100,0,0.0
C08151,100,100,0,0.0
C08152,100,100,0,0.0
C08154,100,100,0,0.0
C08155,100,100,0,0.0
C08156,100,100,0,0.0
C08157,100,100,0,0.0
C08158,100,100,0,0.0
C08159,100,100,0,0.0
C08160,100,100,0,0.0
C08162,100,100,0,0.0
C08163,100,100,0,0.0
C08164,100,100,0,0.0
C08166,100,100,0,0.0
C08169,100,100,0,0.0
C08171,100,100,0,0.0
C08173,100,100,0,0.0
C08174,100,100,0,0.0
C08176,100,100,0,0.0
C08178,100,100,0,0.0
C08179,100,100,0,0.0
C08180,100,100,0,0.0
C08182,100,100,0,0.0
C08183,100,100,0,0.0
C08184,100,100,0,0.0
C08185,100,100,0,0.0
C08186,100,100,0,0.0
C08187,100,100,0,0.0
C08193,100,100,0,0.0
C08195,100,100,0,0.0
C08197,100,100,0,0.0
C08200,100,100,0,0.0
C08201,100,100,0,0.0
C08211,100,100,0,0.0
C08212,100,100,0,0.0
C08215,100,100,0,0.0
C08217,100,100,0,0.0
C08219,100,100,0,0.0
C08230,100,100,0,0.0
C08233,100,100,0,0.0
C08234,100,100,0,0.0
C08235,100,100,0,0.0
C08236,100,100,0,0.0
C08237,100,100,0,0.0
C08238,100,100,0,0.0
C08239,100,100,0,0.0
C08240,100,100,0,0.0
C08241,100,100,0,0.0
C08242,100,131,31,0.31
C08243,100,100,0,0.0
C08244,100,100,0,0.0
C08245,100,100,0,0.0
C08247,100,119,19,0.19
C08249,100,200,100,1.0
C08250,100,100,0,0.0
C08251,100,100,0,0.0
C08252,100,100,0,0.0
C08253,100,100,0,0.0
C08254,100,100,0,0.0
C08255,100,100,0,0.0
C08257,100,100,0,0.0
C08258,100,100,0,0.0
C08259,100,100,0,0.0
C08260,100,100,0,0.0
C08262,100,115,15,0.15
C08263,100,100,0,0.0
C08264,100,100,0,0.0
C08265,100,100,0,0.0
C08266,100,100,0,0.0
C08267,100,100,0,0.0
C08268,100,100,0,0.0
C08269,100,55,-45,0.45
C08270,100,100,0,0.0
C08271,100,100,0,0.0
C08272,100,100,0,0.0
C08273,100,100,0,0.0
C08275,100,100,0,0.0
C08276,100,146,46,0.46
C08277,100,100,0,0.0
C08278,100,100,0,0.0
C08279,100,100,0,0.0
C08281,100,114,14,0.14
C08282,100,100,0,0.0
C08283,100,100,0,0.0
C08284,100,100,0,0.0
C08285,100,101,1,0.01
C08286,100,100,0,0.0
C08287,100,100,0,0.0
C08288,100,100,0,0.0
C08289,100,100,0,0.0
C08290,100,100,0,0.0
C08291,100,100,0,0.0
C08296,100,100,0,0.0
C08298,100,100,0,0.0
C08299,100,101,1,0.01
C08300,100,147,47,0.47
C08301,100,86,-14,0.14
C08302,100,100,0,0.0
C08303,100,100,0,0.0
C08304,100,101,1,0.01
C08305,100,100,0,0.0
C08306,100,100,0,0.0
C08307,100,100,0,0.0
C08308,100,100,0,0.0
C08309,100,100,0,0.0
C08310,100,100,0,0.0
C08311,100,100,0,0.0
C08312,100,160,60,0.6
C08313,100,139,39,0.39
C08315,100,100,0,0.0
C08316,100,115,15,0.15
C08317,100,100,0,0.0
C08319,100,100,0,0.0
C08320,100,122,22,0.22
C08321,100,100,0,0.0
C08322,100,100,0,0.0
C08323,100,111,11,0.11
C08324,100,100,0,0.0
C08325,100,151,51,0.51
C08326,100,100,0,0.0
C08327,100,100,0,0.0
C08328,100,100,0,0.0
C08329,100,100,0,0.0
C08330,100,100,0,0.0
C08331,100,100,0,0.0
C08332,100,100,0,0.0
C08333,100,100,0,0.0
C08334,100,89,-11,0.11
C08335,100,100,0,0.0
C08336,100,100,0,0.0
C08337,100,100,0,0.0
C08338,100,100,0,0.0
C08339,100,100,0,0.0
C08340,100,100,0,0.0
C08341,100,100,0,0.0
C08342,100,100,0,0.0
C08344,100,100,0,0.0
C08345,100,100,0,0.0
C08346,100,100,0,0.0
C08347,100,100,0,0.0
C08348,100,100,0,0.0
C08349,100,100,0,0.0
C08350,100,100,0,0.0
C08351,100,100,0,0.0
C08352,100,100,0,0.0
C08353,100,54,-46,0.46
C08354,100,100,0,0.0
C08355,100,100,0,0.0
C08356,100,100,0,0.0
C08357,100,104,4,0.04
C08358,100,101,1,0.01
C08359,100,101,1,0.01
C08362,100,120,20,0.2
C08363,100,100,0,0.0
C08364,100,100,0,0.0
C08365,100,100,0,0.0
C08366,100,100,0,0.0
C08367,100,100,0,0.0
C08368,100,100,0,0.0
C08369,100,100,0,0.0
C08370,100,100,0,0.0
C08371,100,107,7,0.07
C08372,100,100,0,0.0
C08373,100,100,0,0.0
C08374,100,100,0,0.0
C08375,100,100,0,0.0
C08376,100,100,0,0.0
C08377,100,100,0,0.0
C08378,100,100,0,0.0
C08379,100,100,0,0.0
C08380,100,100,0,0.0
C08381,100,100,0,0.0
C08382,100,100,0,0.0
C08383,100,100,0,0.0
C08384,100,100,0,0.0
C08385,100,100,0,0.0
C08387,100,100,0,0.0
C08388,100,100,0,0.0
C08389,100,100,0,0.0
C08390,100,100,0,0.0
C08391,100,100,0,0.0
C08392,100,100,0,0.0
C08393,100,100,0,0.0
C08394,100,100,0,0.0
C08395,100,100,0,0.0
C08396,100,100,0,0.0
C08397,100,100,0,0.0
C08398,100,100,0,0.0
C08399,100,100,0,0.0
C08400,100,100,0,0.0
C08401,100,100,0,0.0
C08402,100,100,0,0.0
C08403,100,100,0,0.0
C08404,100,100,0,0.0
C08405,100,100,0,0.0
C08406,100,100,0,0.0
C08407,100,100,0,0.0
C08408,100,100,0,0.0
C08409,100,102,2,0.02
C08410,100,100,0,0.0
C08411,100,100,0,0.0
C08412,100,103,3,0.03
C08413,100,100,0,0.0
C08414,100,100,0,0.0
C08415,100,100,0,0.0
C08416,100,100,0,0.0
C08417,100,100,0,0.0
C08418,100,100,0,0.0
C08419,100,100,0,0.0
C08420,100,100,0,0.0
C08422,100,100,0,0.0
C08423,100,100,0,0.0
C08424,100,100,0,0.0
C08425,100,100,0,0.0
C08426,100,101,1,0.01
C08427,100,100,0,0.0
C08428,100,100,0,0.0
C08429,100,100,0,0.0
C08430,100,100,0,0.0
C08431,100,100,0,0.0
C08432,100,100,0,0.0
C08433,100,100,0,0.0
C08434,100,100,0,0.0
C08435,100,100,0,0.0
C08437,100,100,0,0.0
C08438,100,100,0,0.0
C08439,100,100,0,0.0
C08440,100,100,0,0.0
C08441,100,100,0,0.0
C08442,100,100,0,0.0
C08443,100,100,0,0.0
C08445,100,100,0,0.0
C08446,100,100,0,0.0
C08447,100,100,0,0.0
C08449,100,100,0,0.0
C08450,100,100,0,0.0
C08451,100,100,0,0.0
C08452,100,100,0,0.0
C08453,100,100,0,0.0
C08454,100,100,0,0.0
C08455,100,100,0,0.0
C08456,100,100,0,0.0
C08457,100,100,0,0.0
C08458,100,100,0,0.0
C08459,100,100,0,0.0
C08460,100,100,0,0.0
C08461,100,100,0,0.0
C08462,100,100,0,0.0
C08463,100,100,0,0.0
C08464,100,100,0,0.0
C08465,100,100,0,0.0
C08466,100,100,0,0.0
C08467,100,100,0,0.0
C08468,100,100,0,0.0
C08469,100,100,0,0.0
C08470,100,100,0,0.0
C08471,100,100,0,0.0
C08472,100,100,0,0.0
C08473,100,100,0,0.0
C08474,100,100,0,0.0
C08475,100,100,0,0.0
C08476,100,100,0,0.0
C08477,100,100,0,0.0
C08478,100,100,0,0.0
C08481,100,101,1,0.01
C08482,100,100,0,0.0
C08483,100,100,0,0.0
C08484,100,100,0,0.0
C08485,100,100,0,0.0
C08486,100,100,0,0.0
C08487,100,100,0,0.0
C08488,100,100,0,0.0
C08489,100,100,0,0.0
C08490,100,100,0,0.0
C08491,100,112,12,0.12
C08492,100,140,40,0.4
C08493,100,100,0,0.0
C08494,100,100,0,0.0
C08495,100,100,0,0.0
C08497,100,100,0,0.0
C08498,100,100,0,0.0
C08499,100,100,0,0.0
C08501,100,100,0,0.0
C08502,100,100,0,0.0
C08503,100,100,0,0.0
C08504,100,100,0,0.0
C08505,100,100,0,0.0
C08506,100,100,0,0.0
C08507,100,100,0,0.0
C08509,100,100,0,0.0
C08510,100,100,0,0.0
C08511,100,103,3,0.03
C08512,100,100,0,0.0
C08513,100,100,0,0.0
C08514,100,100,0,0.0
C08515,100,100,0,0.0
C08516,100,100,0,0.0
C08517,100,100,0,0.0
C08518,100,100,0,0.0
C08519,100,100,0,0.0
C08520,100,100,0,0.0
C08521,100,80,-20,0.2
C08522,100,100,0,0.0
C08523,100,100,0,0.0
C08524,100,100,0,0.0
C08525,100,100,0,0.0
C08526,100,100,0,0.0
C08527,100,141,41,0.41
C08528,100,100,0,0.0
C08529,100,100,0,0.0
C08530,100,100,0,0.0
C08531,100,100,0,0.0
C08532,100,152,52,0.52
C08533,100,100,0,0.0
C08534,100,100,0,0.0
C08535,100,100,0,0.0
C08536,100,100,0,0.0
C08537,100,82,-18,0.18
C08538,100,0,-100,1.0
C08539,100,161,61,0.61
C08540,100,81,-19,0.19
C08541,100,100,0,0.0
C08542,100,149,49,0.49
C08543,100,120,20,0.2
C08544,100,100,0,0.0
C08545,100,100,0,0.0
C08546,100,100,0,0.0
C08547,100,100,0,0.0
C08548,100,100,0,0.0
C08549,100,100,0,0.0
C08550,100,100,0,0.0
C08551,100,100,0,0.0
C08552,100,150,50,0.5
C08553,100,100,0,0.0
C08554,100,100,0,0.0
C08555,100,100,0,0.0
C08556,100,100,0,0.0
C08557,100,113,13,0.13
C08558,100,100,0,0.0
C08559,100,100,0,0.0
C08560,100,100,0,0.0
C08561,100,100,0,0.0
C08562,100,100,0,0.0
C08563,100,100,0,0.0
C08564,100,100,0,0.0
C08565,100,114,14,0.14
C08566,100,100,0,0.0
C08567,100,100,0,0.0
C08568,100,100,0,0.0
C08569,100,100,0,0.0
C08570,100,100,0,0.0
C08571,100,100,0,0.0
C08572,100,100,0,0.0
C08573,100,100,0,0.0
C08574,100,100,0,0.0
C08575,100,100,0,0.0
C08576,100,49,-51,0.51
C08577,100,152,52,0.52
C08578,100,98,-2,0.02
C08579,100,39,-61,0.61
C08580,100,63,-37,0.37
C08581,100,100,0,0.0
C08582,100,100,0,0.0
C08583,100,149,49,0.49
C08584,100,144,44,0.44
C08585,100,125,25,0.25
C08586,100,101,1,0.01
C08587,100,100,0,0.0
C08588,100,153,53,0.53
C08589,100,100,0,0.0
C08590,100,100,0,0.0
C08591,100,47,-53,0.53
C08592,100,74,-26,0.26
C08593,100,100,0,0.0
C08594,100,100,0,0.0
C08595,100,100,0,0.0
C08596,100,100,0,0.0
C08597,100,100,0,0.0
C08598,100,100,0,0.0
C08599,100,100,0,0.0
C08600,100,100,0,0.0
C08601,100,98,-2,0.02
C08602,100,100,0,0.0
C08603,100,100,0,0.0
C08604,100,0,-100,1.0
C08605,100,100,0,0.0
C08606,100,81,-19,0.19
C08607,100,102,2,0.02
C08608,100,100,0,0.0
C08609,100,100,0,0.0
C08610,100,100,0,0.0
C08611,100,100,0,0.0
C08612,100,66,-34,0.34
C08613,100,141,41,0.41
C08614,100,0,-100,1.0
C08615,100,109,9,0.09
C08616,100,103,3,0.03
C08617,100,100,0,0.0
C08618,100,100,0,0.0
C08619,100,100,0,0.0
C08620,100,64,-36,0.36
C08621,100,100,0,0.0
C08622,100,100,0,0.0
C08623,100,100,0,0.0
C08624,100,67,-33,0.33
C08625,100,100,0,0.0
C08626,100,108,8,0.08
C08627,100,128,28,0.28
C08628,100,109,9,0.09
C08629,100,100,0,0.0
C08630,100,100,0,0.0
C08631,100,100,0,0.0
C08632,100,100,0,0.0
C08633,100,100,0,0.0
C08634,100,100,0,0.0
C08635,100,100,0,0.0
C08636,100,100,0,0.0
C08637,100,114,14,0.14
C08638,100,100,0,0.0
C08639,100,101,1,0.01
C08640,100,100,0,0.0
C08641,100,185,85,0.85
C08642,100,100,0,0.0
C08643,100,100,0,0.0
C08644,100,100,0,0.0
C08646,100,100,0,0.0
C08647,100,103,3,0.03
C08648,100,100,0,0.0
C08649,100,100,0,0.0
C08650,100,22,-78,0.78
C08651,100,100,0,0.0
C08652,100,100,0,0.0
C08653,100,100,0,0.0
C08654,100,100,0,0.0
C08655,100,100,0,0.0
C08656,100,100,0,0.0
C08657,100,100,0,0.0
C08658,100,100,0,0.0
C08659,100,100,0,0.0
C08660,100,100,0,0.0
C08661,100,100,0,0.0
C08662,100,100,0,0.0
C08663,100,100,0,0.0
C08664,100,100,0,0.0
C08665,100,100,0,0.0
C08666,100,100,0,0.0
C08667,100,100,0,0.0
C08668,100,100,0,0.0
C08669,100,100,0,0.0
C08670,100,100,0,0.0
C08671,100,100,0,0.0
C08672,100,100,0,0.0
C08673,100,100,0,0.0
C08674,100,100,0,0.0
C08675,100,100,0,0.0
C08676,100,100,0,0.0
C08677,100,100,0,0.0
C08678,100,100,0,0.0
C08679,100,100,0,0.0
C08680,100,100,0,0.0
C08681,100,100,0,0.0
C08682,100,100,0,0.0
C08683,100,100,0,0.0
C08684,100,100,0,0.0
C08685,100,100,0,0.0
C08686,100,100,0,0.0
C08687,100,100,0,0.0
C08688,100,100,0,0.0
C08689,100,100,0,0.0
C08690,100,100,0,0.0
C08691,100,100,0,0.0
C08692,100,100,0,0.0
C08693,100,100,0,0.0
C08694,100,100,0,0.0
C08695,100,100,0,0.0
C08696,100,100,0,0.0
C08697,100,100,0,0.0
C08698,100,100,0,0.0
C08700,100,100,0,0.0
C08701,100,100,0,0.0
C08702,100,100,0,0.0
C08703,100,100,0,0.0
C08704,100,100,0,0.0
C08705,100,100,0,0.0
C08706,100,100,0,0.0
C08707,100,100,0,0.0
C08708,100,100,0,0.0
C08709,100,100,0,0.0
C08710,100,100,0,0.0
C08711,100,100,0,0.0
C08712,100,100,0,0.0
C08713,100,100,0,0.0
C08714,100,100,0,0.0
C08715,100,100,0,0.0
C08716,100,100,0,0.0
C08717,100,100,0,0.0
C08718,100,100,0,0.0
C08719,100,100,0,0.0
C08720,100,100,0,0.0
C08721,100,120,20,0.2
C08722,100,100,0,0.0
C08723,100,100,0,0.0
C08724,100,100,0,0.0
C08725,100,76,-24,0.24
C08726,100,100,0,0.0
C08727,100,100,0,0.0
C08728,100,100,0,0.0
C08729,100,100,0,0.0
C08730,100,100,0,0.0
C08731,100,100,0,0.0
C08732,100,100,0,0.0
C08733,100,105,5,0.05
C08734,100,113,13,0.13
C08735,100,96,-4,0.04
C08736,100,100,0,0.0
C08737,100,82,-18,0.18
C08738,100,100,0,0.0
C08739,100,100,0,0.0
C08740,100,100,0,0.0
C08741,100,100,0,0.0
C08742,100,100,0,0.0
C08743,100,100,0,0.0
C08744,100,100,0,0.0
C08745,100,100,0,0.0
C08746,100,100,0,0.0
C08747,100,100,0,0.0
C08748,100,148,48,0.48
C08749,100,100,0,0.0
C08750,100,100,0,0.0
C08751,100,100,0,0.0
C08752,100,100,0,0.0
C08753,100,100,0,0.0
C08754,100,100,0,0.0
C08755,100,100,0,0.0
C08756,100,100,0,0.0
C08757,100,100,0,0.0
C08758,100,100,0,0.0
C08759,100,100,0,0.0
C08760,100,100,0,0.0
C08761,100,100,0,0.0
C08762,100,100,0,0.0
C08763,100,100,0,0.0
C08764,100,100,0,0.0
C08765,100,100,0,0.0
C08766,100,100,0,0.0
C08767,100,100,0,0.0
C08768,100,100,0,0.0
C08769,100,100,0,0.0
C08770,100,100,0,0.0
C08771,100,100,0,0.0
C08772,100,100,0,0.0
C08773,100,100,0,0.0
C08775,100,100,0,0.0
C08776,100,100,0,0.0
C08777,100,100,0,0.0
C08778,100,100,0,0.0
C08779,100,100,0,0.0
C08780,100,100,0,0.0
C08781,100,100,0,0.0
C08782,100,100,0,0.0
C08783,100,100,0,0.0
C08784,100,100,0,0.0
C08785,100,100,0,0.0
C08786,100,100,0,0.0
C08787,100,100,0,0.0
C08788,100,100,0,0.0
C08789,100,100,0,0.0
C08790,100,100,0,0.0
C08791,100,100,0,0.0
C08792,100,100,0,0.0
C08793,100,100,0,0.0
C08794,100,122,22,0.22
C08795,100,100,0,0.0
C08796,100,100,0,0.0
C08797,100,110,10,0.1
C08798,100,100,0,0.0
C08799,100,100,0,0.0
C08800,100,100,0,0.0
C08801,100,100,0,0.0
C08802,100,100,0,0.0
C08803,100,100,0,0.0
C08804,100,100,0,0.0
C08805,100,100,0,0.0
C08806,100,100,0,0.0
C08807,100,100,0,0.0
C08808,100,100,0,0.0
C08809,100,100,0,0.0
C08810,100,100,0,0.0
C08811,100,100,0,0.0
C08813,100,101,1,0.01
C08814,100,114,14,0.14
C08815,100,100,0,0.0
C08816,100,100,0,0.0
C08818,100,100,0,0.0
C08819,100,100,0,0.0
C16992,100,100,0,0.0
C08823,100,100,0,0.0
C08825,100,82,-18,0.18
C08829,100,100,0,0.0
C08830,100,100,0,0.0
C08831,100,100,0,0.0
C08832,100,100,0,0.0
C08833,100,100,0,0.0
C08834,100,100,0,0.0
C08835,100,100,0,0.0
C08836,100,100,0,0.0
C08837,100,100,0,0.0
C08838,100,100,0,0.0
C08839,100,100,0,0.0
C08840,100,100,0,0.0
C08841,100,100,0,0.0
C08842,100,100,0,0.0
C08844,100,100,0,0.0
C08845,100,100,0,0.0
C08846,100,100,0,0.0
C08847,100,100,0,0.0
C08848,100,100,0,0.0
C08849,100,100,0,0.0
C08850,100,100,0,0.0
C08851,100,100,0,0.0
C08852,100,100,0,0.0
C08853,100,100,0,0.0
C08854,100,100,0,0.0
C08855,100,100,0,0.0
C08856,100,100,0,0.0
C12091,100,100,0,0.0
C08857,100,100,0,0.0
C08858,100,100,0,0.0
C08859,100,100,0,0.0
C08860,100,100,0,0.0
C08861,100,100,0,0.0
C08862,100,100,0,0.0
C08863,100,100,0,0.0
C08864,100,100,0,0.0
C08865,100,100,0,0.0
C08866,100,100,0,0.0
C08867,100,100,0,0.0
C08868,100,100,0,0.0
C08869,100,100,0,0.0
C08870,100,100,0,0.0
C08871,100,100,0,0.0
C08872,100,100,0,0.0
C08873,100,100,0,0.0
C08874,100,100,0,0.0
C08875,100,100,0,0.0
C08876,100,100,0,0.0
C08877,100,100,0,0.0
C08878,100,100,0,0.0
C08879,100,100,0,0.0
C08880,100,100,0,0.0
C08881,100,100,0,0.0
C08882,100,100,0,0.0
C08883,100,100,0,0.0
C08884,100,100,0,0.0
C08885,100,100,0,0.0
C08886,100,101,1,0.01
C08887,100,100,0,0.0
C08888,100,79,-21,0.21
C08889,100,100,0,0.0
C08890,100,100,0,0.0
C08891,100,100,0,0.0
C08892,100,100,0,0.0
C08893,100,100,0,0.0
C08894,100,100,0,0.0
C08895,100,100,0,0.0
C08896,100,100,0,0.0
C08897,100,89,-11,0.11
C08898,100,103,3,0.03
C08899,100,100,0,0.0
C08900,100,100,0,0.0
C08901,100,100,0,0.0
C08902,100,100,0,0.0
C08904,100,100,0,0.0
C08905,100,100,0,0.0
C08906,100,100,0,0.0
C08907,100,78,-22,0.22
C08908,100,100,0,0.0
C08909,100,100,0,0.0
C08910,100,100,0,0.0
C08911,100,100,0,0.0
C08912,100,100,0,0.0
C08913,100,100,0,0.0
C08914,100,100,0,0.0
C08915,100,100,0,0.0
C08916,100,100,0,0.0
C08917,100,100,0,0.0
C08918,100,100,0,0.0
C08919,100,100,0,0.0
C08920,100,100,0,0.0
C08921,100,100,0,0.0
C08922,100,100,0,0.0
C08923,100,100,0,0.0
C08924,100,100,0,0.0
C08925,100,100,0,0.0
C08926,100,100,0,0.0
C08927,100,100,0,0.0
C08928,100,100,0,0.0
C08929,100,100,0,0.0
C08930,100,100,0,0.0
C08931,100,100,0,0.0
C08932,100,100,0,0.0
C08933,100,100,0,0.0
C08934,100,100,0,0.0
C08935,100,100,0,0.0
C08936,100,100,0,0.0
C08937,100,100,0,0.0
C08938,100,100,0,0.0
C08939,100,100,0,0.0
C08941,100,100,0,0.0
C08942,100,100,0,0.0
C08943,100,100,0,0.0
C08944,100,100,0,0.0
C08945,100,100,0,0.0
C08946,100,101,1,0.01
C08947,100,100,0,0.0
C08948,100,100,0,0.0
C08949,100,100,0,0.0
C08950,100,100,0,0.0
C08951,100,100,0,0.0
C08952,100,100,0,0.0
C08953,100,100,0,0.0
C08954,100,100,0,0.0
C08955,100,100,0,0.0
C08956,100,100,0,0.0
C08957,100,100,0,0.0
C08958,100,100,0,0.0
C08959,100,100,0,0.0
C08960,100,100,0,0.0
C08961,100,100,0,0.0
C08962,100,100,0,0.0
C08963,100,100,0,0.0
C08964,100,100,0,0.0
C08965,100,100,0,0.0
C08966,100,100,0,0.0
C08967,100,100,0,0.0
C08968,100,100,0,0.0
C08969,100,100,0,0.0
C08970,100,100,0,0.0
C08971,100,100,0,0.0
C08972,100,100,0,0.0
C08973,100,100,0,0.0
C08974,100,100,0,0.0
C08975,100,100,0,0.0
C08976,100,100,0,0.0
C08977,100,100,0,0.0
C08978,100,100,0,0.0
C08979,100,100,0,0.0
C08980,100,55,-45,0.45
C08981,100,100,0,0.0
C08982,100,100,0,0.0
C08983,100,148,48,0.48
C08984,100,100,0,0.0
C08985,100,100,0,0.0
C08986,100,100,0,0.0
C08987,100,100,0,0.0
C08988,100,100,0,0.0
C08989,100,100,0,0.0
C08990,100,100,0,0.0
C08991,100,100,0,0.0
C08992,100,100,0,0.0
C08993,100,100,0,0.0
C08994,100,100,0,0.0
C08995,100,100,0,0.0
C08996,100,100,0,0.0
C08997,100,100,0,0.0
C08998,100,100,0,0.0
C08999,100,100,0,0.0
C09000,100,100,0,0.0
C09001,100,100,0,0.0
C09002,100,100,0,0.0
C09003,100,100,0,0.0
C09004,100,100,0,0.0
C09005,100,100,0,0.0
C09006,100,100,0,0.0
C09007,100,100,0,0.0
C09008,100,100,0,0.0
C09009,100,100,0,0.0
C09010,100,100,0,0.0
C09011,100,100,0,0.0
C09012,100,100,0,0.0
C09013,100,100,0,0.0
C09014,100,100,0,0.0
C09015,100,100,0,0.0
C09016,100,100,0,0.0
C09017,100,100,0,0.0
C09018,100,100,0,0.0
C09019,100,100,0,0.0
C09020,100,100,0,0.0
C09021,100,100,0,0.0
C09022,100,100,0,0.0
C09023,100,83,-17,0.17
C09024,100,145,45,0.45
C09025,100,100,0,0.0
C09026,100,100,0,0.0
C09027,100,100,0,0.0
C09028,100,100,0,0.0
C09029,100,100,0,0.0
C09030,100,100,0,0.0
C09031,100,100,0,0.0
C09032,100,100,0,0.0
C09033,100,100,0,0.0
C09034,100,100,0,0.0
C09035,100,100,0,0.0
C09036,100,100,0,0.0
C09037,100,100,0,0.0
C09038,100,100,0,0.0
C09039,100,100,0,0.0
C09040,100,100,0,0.0
C09041,100,100,0,0.0
C09042,100,100,0,0.0
C09043,100,100,0,0.0
C09044,100,100,0,0.0
C09045,100,100,0,0.0
C09046,100,100,0,0.0
C09047,100,100,0,0.0
C09048,100,100,0,0.0
C09049,100,100,0,0.0
C09050,100,100,0,0.0
C09051,100,100,0,0.0
C09052,100,100,0,0.0
C09053,100,100,0,0.0
C09054,100,100,0,0.0
C09055,100,100,0,0.0
C09056,100,100,0,0.0
C09057,100,100,0,0.0
C09058,100,100,0,0.0
C09059,100,100,0,0.0
C09060,100,101,1,0.01
C09061,100,100,0,0.0
C09062,100,100,0,0.0
C09063,100,100,0,0.0
C09064,100,100,0,0.0
C09065,100,100,0,0.0
C09066,100,100,0,0.0
C09067,100,100,0,0.0
C09068,100,100,0,0.0
C09069,100,100,0,0.0
C09070,100,100,0,0.0
C09071,100,100,0,0.0
C09072,100,100,0,0.0
C09073,100,100,0,0.0
C09074,100,100,0,0.0
C09075,100,100,0,0.0
C09076,100,100,0,0.0
C09077,100,100,0,0.0
C09078,100,100,0,0.0
C09079,100,100,0,0.0
C09080,100,100,0,0.0
C09081,100,100,0,0.0
C09082,100,100,0,0.0
C09083,100,100,0,0.0
C09084,100,100,0,0.0
C09085,100,100,0,0.0
C09086,100,100,0,0.0
C09087,100,100,0,0.0
C09088,100,100,0,0.0
C09089,100,129,29,0.29
C09090,100,100,0,0.0
C09091,100,100,0,0.0
C09092,100,100,0,0.0
C09093,100,100,0,0.0
C09094,100,101,1,0.01
C09095,100,100,0,0.0
C09096,100,100,0,0.0
C09097,100,100,0,0.0
C09098,100,100,0,0.0
C09099,100,90,-10,0.1
C09100,100,100,0,0.0
C09101,100,100,0,0.0
C09102,100,100,0,0.0
C09103,100,100,0,0.0
C09104,100,100,0,0.0
C09105,100,100,0,0.0
C09106,100,100,0,0.0
C09107,100,92,-8,0.08
C09108,100,100,0,0.0
C09109,100,100,0,0.0
C09110,100,100,0,0.0
C09111,100,100,0,0.0
C09112,100,100,0,0.0
C09113,100,100,0,0.0
C09114,100,100,0,0.0
C09115,100,100,0,0.0
C09116,100,100,0,0.0
C09117,100,100,0,0.0
C09118,100,136,36,0.36
C09119,100,100,0,0.0
C09120,100,100,0,0.0
C09121,100,100,0,0.0
C09122,100,100,0,0.0
C09123,100,100,0,0.0
C09124,100,100,0,0.0
C09125,100,100,0,0.0
C09126,100,98,-2,0.02
C09127,100,100,0,0.0
C09128,100,100,0,0.0
C09129,100,100,0,0.0
C09131,100,137,37,0.37
C09132,100,100,0,0.0
C09133,100,100,0,0.0
C09134,100,100,0,0.0
C09135,100,100,0,0.0
C09136,100,100,0,0.0
C09137,100,100,0,0.0
C09138,100,100,0,0.0
C09139,100,100,0,0.0
C09140,100,108,8,0.08
C09141,100,100,0,0.0
C09142,100,100,0,0.0
C09143,100,100,0,0.0
C09144,100,100,0,0.0
C09145,100,100,0,0.0
C09146,100,100,0,0.0
C09147,100,100,0,0.0
C09148,100,100,0,0.0
C09149,100,100,0,0.0
C09150,100,100,0,0.0
C09151,100,100,0,0.0
C09152,100,100,0,0.0
C09153,100,100,0,0.0
C09154,100,100,0,0.0
C09155,100,100,0,0.0
C09156,100,100,0,0.0
C09157,100,100,0,0.0
C09158,100,100,0,0.0
C09159,100,100,0,0.0
C09160,100,100,0,0.0
C09161,100,100,0,0.0
C09162,100,100,0,0.0
C09163,100,100,0,0.0
C09164,100,100,0,0.0
C09165,100,100,0,0.0
C09166,100,100,0,0.0
C09167,100,100,0,0.0
C09168,100,100,0,0.0
C09169,100,100,0,0.0
C09170,100,100,0,0.0
C09171,100,100,0,0.0
C09172,100,100,0,0.0
C09173,100,100,0,0.0
C09174,100,100,0,0.0
C09175,100,100,0,0.0
C09176,100,100,0,0.0
C09177,100,100,0,0.0
C09178,100,100,0,0.0
C09179,100,100,0,0.0
C09180,100,100,0,0.0
C09181,100,100,0,0.0
C09182,100,100,0,0.0
C09183,100,111,11,0.11
C09184,100,100,0,0.0
C09185,100,100,0,0.0
C09186,100,100,0,0.0
C09187,100,100,0,0.0
C09188,100,100,0,0.0
C09189,100,136,36,0.36
C09190,100,155,55,0.55
C09191,100,100,0,0.0
C09192,100,100,0,0.0
C09193,100,100,0,0.0
C09194,100,100,0,0.0
C09195,100,100,0,0.0
C09196,100,100,0,0.0
C09197,100,100,0,0.0
C09198,100,100,0,0.0
C09200,100,100,0,0.0
C09201,100,100,0,0.0
C09202,100,100,0,0.0
C09203,100,100,0,0.0
C09204,100,100,0,0.0
C09205,100,100,0,0.0
C09206,100,100,0,0.0
C09207,100,100,0,0.0
C09208,100,100,0,0.0
C09209,100,129,29,0.29
C09210,100,100,0,0.0
C09211,100,100,0,0.0
C09212,100,100,0,0.0
C09213,100,100,0,0.0
C09214,100,100,0,0.0
C09215,100,100,0,0.0
C09216,100,100,0,0.0
C09217,100,100,0,0.0
C09218,100,100,0,0.0
C09219,100,100,0,0.0
C09220,100,100,0,0.0
C09221,100,100,0,0.0
C09222,100,100,0,0.0
C09223,100,100,0,0.0
C09224,100,100,0,0.0
C09225,100,100,0,0.0
C09226,100,100,0,0.0
C09227,100,100,0,0.0
C09228,100,100,0,0.0
C09229,100,100,0,0.0
C09230,100,100,0,0.0
C09231,100,100,0,0.0
C09232,100,100,0,0.0
C09233,100,100,0,0.0
C09234,100,100,0,0.0
C09235,100,100,0,0.0
C09236,100,100,0,0.0
C09237,100,100,0,0.0
C09238,100,100,0,0.0
C09239,100,100,0,0.0
C09240,100,100,0,0.0
C09241,100,100,0,0.0
C09242,100,100,0,0.0
C09243,100,157,57,0.57
C09244,100,0,-100,1.0
C09245,100,100,0,0.0
C09246,100,100,0,0.0
C09247,100,100,0,0.0
C09248,100,157,57,0.57
C09249,100,100,0,0.0
C09250,100,100,0,0.0
C09251,100,100,0,0.0
C09252,100,100,0,0.0
C09253,100,100,0,0.0
C09254,100,100,0,0.0
C09255,100,100,0,0.0
C09256,100,100,0,0.0
C09257,100,100,0,0.0
C09258,100,100,0,0.0
C09259,100,100,0,0.0
C09260,100,100,0,0.0
C09261,100,100,0,0.0
C09262,100,100,0,0.0
C09263,100,96,-4,0.04
C09264,100,100,0,0.0
C09265,100,100,0,0.0
C09266,100,100,0,0.0
C09267,100,100,0,0.0
C09268,100,100,0,0.0
C09269,100,100,0,0.0
C09270,100,100,0,0.0
C09271,100,100,0,0.0
C09272,100,100,0,0.0
C09273,100,100,0,0.0
C09274,100,100,0,0.0
C09275,100,100,0,0.0
C09276,100,100,0,0.0
C09277,100,100,0,0.0
C09278,100,100,0,0.0
C09279,100,100,0,0.0
C09280,100,100,0,0.0
C09281,100,100,0,0.0
C09282,100,100,0,0.0
C09283,100,100,0,0.0
C09284,100,100,0,0.0
C09285,100,100,0,0.0
C09286,100,100,0,0.0
C09287,100,100,0,0.0
C09288,100,100,0,0.0
C09289,100,100,0,0.0
C09290,100,100,0,0.0
C09291,100,100,0,0.0
C09292,100,100,0,0.0
C09293,100,100,0,0.0
C09294,100,100,0,0.0
C09295,100,100,0,0.0
C09296,100,100,0,0.0
C09297,100,100,0,0.0
C09298,100,100,0,0.0
C09299,100,100,0,0.0
C09300,100,100,0,0.0
C09301,100,100,0,0.0
C09302,100,100,0,0.0
C09303,100,100,0,0.0
C09304,100,100,0,0.0
C09305,100,100,0,0.0
C09306,100,141,41,0.41
C09307,100,100,0,0.0
C09308,100,100,0,0.0
C09309,100,100,0,0.0
C09310,100,100,0,0.0
C09311,100,100,0,0.0
C09312,100,100,0,0.0
C09313,100,100,0,0.0
C09314,100,100,0,0.0
C09315,100,139,39,0.39
C09316,100,100,0,0.0
C09317,100,100,0,0.0
C09318,100,100,0,0.0
C09319,100,100,0,0.0
C09320,100,147,47,0.47
C09321,100,144,44,0.44
C09322,100,100,0,0.0
C09323,100,100,0,0.0
C09324,100,100,0,0.0
C09325,100,100,0,0.0
C09326,100,100,0,0.0
C09327,100,100,0,0.0
C09328,100,149,49,0.49
C09329,100,100,0,0.0
C09330,100,151,51,0.51
C09331,100,100,0,0.0
C09332,100,104,4,0.04
C09333,100,100,0,0.0
C09334,100,100,0,0.0
C09335,100,100,0,0.0
C09336,100,100,0,0.0
C09337,100,144,44,0.44
C09338,100,100,0,0.0
C09339,100,100,0,0.0
C09340,100,100,0,0.0
C09341,100,100,0,0.0
C09342,100,100,0,0.0
C09343,100,100,0,0.0
C09344,100,100,0,0.0
C09345,100,100,0,0.0
C09346,100,100,0,0.0
C09347,100,100,0,0.0
C09348,100,100,0,0.0
C09349,100,100,0,0.0
C09350,100,100,0,0.0
C09351,100,100,0,0.0
C09352,100,100,0,0.0
C09353,100,100,0,0.0
C09354,100,100,0,0.0
C09355,100,100,0,0.0
C09356,100,100,0,0.0
C09357,100,100,0,0.0
C09358,100,100,0,0.0
C09359,100,100,0,0.0
C09360,100,100,0,0.0
C09361,100,100,0,0.0
C09362,100,100,0,0.0
C09363,100,100,0,0.0
C09364,100,100,0,0.0
C09365,100,100,0,0.0
C09366,100,100,0,0.0
C09367,100,100,0,0.0
C09368,100,100,0,0.0
C09369,100,100,0,0.0
C09370,100,100,0,0.0
C09371,100,100,0,0.0
C09372,100,100,0,0.0
C09373,100,100,0,0.0
C09374,100,100,0,0.0
C09375,100,100,0,0.0
C09376,100,100,0,0.0
C09377,100,100,0,0.0
C09378,100,100,0,0.0
C09379,100,100,0,0.0
C09380,100,100,0,0.0
C09381,100,100,0,0.0
C09382,100,149,49,0.49
C09383,100,100,0,0.0
C09384,100,100,0,0.0
C09385,100,100,0,0.0
C09386,100,100,0,0.0
C09387,100,100,0,0.0
C09388,100,100,0,0.0
C09389,100,100,0,0.0
C09390,100,100,0,0.0
C09391,100,100,0,0.0
C09392,100,100,0,0.0
C09393,100,100,0,0.0
C09394,100,100,0,0.0
C09395,100,100,0,0.0
C09396,100,100,0,0.0
C09397,100,100,0,0.0
C09398,100,100,0,0.0
C09399,100,100,0,0.0
C09400,100,100,0,0.0
C09401,100,100,0,0.0
C09402,100,100,0,0.0
C09403,100,100,0,0.0
C09404,100,100,0,0.0
C09405,100,100,0,0.0
C09406,100,100,0,0.0
C09407,100,100,0,0.0
C09408,100,100,0,0.0
C09409,100,100,0,0.0
C09410,100,100,0,0.0
C09411,100,100,0,0.0
C09412,100,100,0,0.0
C09413,100,100,0,0.0
C09414,100,100,0,0.0
C09415,100,100,0,0.0
C09416,100,100,0,0.0
C09417,100,100,0,0.0
C09418,100,100,0,0.0
C09419,100,100,0,0.0
C09420,100,100,0,0.0
C09421,100,100,0,0.0
C09422,100,100,0,0.0
C09423,100,100,0,0.0
C09424,100,100,0,0.0
C09425,100,100,0,0.0
C09426,100,100,0,0.0
C09427,100,100,0,0.0
C09428,100,100,0,0.0
C09429,100,100,0,0.0
C09430,100,100,0,0.0
C09431,100,100,0,0.0
C09432,100,100,0,0.0
C09433,100,100,0,0.0
C09434,100,100,0,0.0
C09435,100,100,0,0.0
C09436,100,100,0,0.0
C09437,100,100,0,0.0
C09438,100,100,0,0.0
C09439,100,100,0,0.0
C09440,100,145,45,0.45
C09441,100,100,0,0.0
C09442,100,100,0,0.0
C09443,100,100,0,0.0
C09444,100,100,0,0.0
C09445,100,100,0,0.0
C09446,100,100,0,0.0
C09447,100,100,0,0.0
C09448,100,100,0,0.0
C09449,100,100,0,0.0
C09450,100,100,0,0.0
C09451,100,100,0,0.0
C09452,100,100,0,0.0
C09453,100,100,0,0.0
C09454,100,100,0,0.0
C09455,100,100,0,0.0
C09456,100,100,0,0.0
C09457,100,100,0,0.0
C09458,100,100,0,0.0
C09459,100,100,0,0.0
C09460,100,100,0,0.0
C09461,100,100,0,0.0
C09462,100,100,0,0.0
C09463,100,100,0,0.0
C09464,100,100,0,0.0
C09465,100,100,0,0.0
C09466,100,100,0,0.0
C09467,100,100,0,0.0
C09468,100,100,0,0.0
C09469,100,100,0,0.0
C09470,100,100,0,0.0
C09471,100,100,0,0.0
C09472,100,100,0,0.0
C09473,100,100,0,0.0
C09474,100,100,0,0.0
C09475,100,100,0,0.0
C09476,100,100,0,0.0
C09477,100,100,0,0.0
C09478,100,100,0,0.0
C09479,100,100,0,0.0
C09480,100,100,0,0.0
C09481,100,100,0,0.0
C09482,100,100,0,0.0
C09483,100,100,0,0.0
C09484,100,100,0,0.0
C09485,100,100,0,0.0
C09486,100,100,0,0.0
C09487,100,100,0,0.0
C09488,100,100,0,0.0
C09489,100,100,0,0.0
C09490,100,100,0,0.0
C09491,100,100,0,0.0
C09492,100,100,0,0.0
C09493,100,100,0,0.0
C09494,100,100,0,0.0
C09495,100,100,0,0.0
C09496,100,100,0,0.0
C09497,100,100,0,0.0
C09498,100,100,0,0.0
C09499,100,100,0,0.0
C09500,100,100,0,0.0
C09501,100,100,0,0.0
C09502,100,100,0,0.0
C09503,100,100,0,0.0
C09504,100,100,0,0.0
C09505,100,100,0,0.0
C09506,100,100,0,0.0
C09507,100,100,0,0.0
C09508,100,100,0,0.0
C09509,100,100,0,0.0
C09510,100,100,0,0.0
C09511,100,100,0,0.0
C09512,100,100,0,0.0
C09513,100,100,0,0.0
C09514,100,100,0,0.0
C09515,100,100,0,0.0
C09516,100,100,0,0.0
C09517,100,100,0,0.0
C09518,100,100,0,0.0
C09519,100,100,0,0.0
C09520,100,100,0,0.0
C09521,100,100,0,0.0
C09522,100,100,0,0.0
C09523,100,100,0,0.0
C09524,100,100,0,0.0
C09525,100,100,0,0.0
C09526,100,100,0,0.0
C09527,100,100,0,0.0
C09528,100,100,0,0.0
C09529,100,100,0,0.0
C09530,100,100,0,0.0
C09531,100,100,0,0.0
C09532,100,100,0,0.0
C09533,100,100,0,0.0
C09534,100,100,0,0.0
C09535,100,100,0,0.0
C09536,100,100,0,0.0
C09537,100,100,0,0.0
C09538,100,100,0,0.0
C09539,100,100,0,0.0
C09540,100,100,0,0.0
C09541,100,156,56,0.56
C09542,100,100,0,0.0
C09543,100,100,0,0.0
C09544,100,100,0,0.0
C09545,100,100,0,0.0
C09546,100,100,0,0.0
C09547,100,100,0,0.0
C09548,100,100,0,0.0
C09549,100,100,0,0.0
C09550,100,100,0,0.0
C09551,100,100,0,0.0
C09552,100,100,0,0.0
C09553,100,100,0,0.0
C09554,100,100,0,0.0
C09555,100,102,2,0.02
C09556,100,100,0,0.0
C09557,100,100,0,0.0
C09558,100,100,0,0.0
C09559,100,100,0,0.0
C09560,100,100,0,0.0
C09561,100,100,0,0.0
C09562,100,100,0,0.0
C09563,100,100,0,0.0
C09564,100,100,0,0.0
C09565,100,100,0,0.0
C09566,100,100,0,0.0
C09567,100,100,0,0.0
C09568,100,100,0,0.0
C09569,100,100,0,0.0
C09570,100,100,0,0.0
C09571,100,100,0,0.0
C09572,100,100,0,0.0
C09573,100,100,0,0.0
C09574,100,100,0,0.0
C09575,100,100,0,0.0
C09576,100,100,0,0.0
C09577,100,100,0,0.0
C09578,100,100,0,0.0
C09579,100,100,0,0.0
C09580,100,100,0,0.0
C09581,100,100,0,0.0
C09582,100,100,0,0.0
C09583,100,100,0,0.0
C09584,100,100,0,0.0
C09585,100,100,0,0.0
C09586,100,100,0,0.0
C09587,100,100,0,0.0
C09588,100,100,0,0.0
C09589,100,100,0,0.0
C09590,100,100,0,0.0
C09591,100,100,0,0.0
C09592,100,101,1,0.01
C09593,100,106,6,0.06
C09594,100,100,0,0.0
C09595,100,100,0,0.0
C09596,100,100,0,0.0
C09597,100,100,0,0.0
C09598,100,100,0,0.0
C09599,100,100,0,0.0
C09600,100,100,0,0.0
C09601,100,100,0,0.0
C09602,100,100,0,0.0
C09603,100,100,0,0.0
C09604,100,100,0,0.0
C09605,100,100,0,0.0
C09606,100,100,0,0.0
C09607,100,100,0,0.0
C09608,100,100,0,0.0
C09609,100,100,0,0.0
C09610,100,100,0,0.0
C09611,100,100,0,0.0
C09612,100,100,0,0.0
C09613,100,100,0,0.0
C09614,100,138,38,0.38
C09615,100,100,0,0.0
C09616,100,100,0,0.0
C09617,100,100,0,0.0
C09618,100,100,0,0.0
C09619,100,100,0,0.0
C09621,100,100,0,0.0
C09622,100,100,0,0.0
C09623,100,100,0,0.0
C09624,100,100,0,0.0
C09625,100,100,0,0.0
C09626,100,100,0,0.0
C09627,100,100,0,0.0
C09628,100,100,0,0.0
C09629,100,100,0,0.0
C09630,100,100,0,0.0
C09631,100,100,0,0.0
C09632,100,100,0,0.0
C09633,100,100,0,0.0
C09634,100,100,0,0.0
C09635,100,100,0,0.0
C09636,100,100,0,0.0
C09637,100,100,0,0.0
C09638,100,100,0,0.0
C09639,100,102,2,0.02
C09640,100,100,0,0.0
C09641,100,100,0,0.0
C09642,100,117,17,0.17
C09643,100,100,0,0.0
C09644,100,100,0,0.0
C09645,100,100,0,0.0
C09646,100,100,0,0.0
C09647,100,100,0,0.0
C09648,100,101,1,0.01
C09649,100,100,0,0.0
C09650,100,100,0,0.0
C09651,100,100,0,0.0
C09652,100,100,0,0.0
C09653,100,100,0,0.0
C09654,100,137,37,0.37
C09655,100,100,0,0.0
C09656,100,100,0,0.0
C09657,100,100,0,0.0
C09658,100,100,0,0.0
C09659,100,100,0,0.0
C09660,100,100,0,0.0
C09661,100,100,0,0.0
C09662,100,100,0,0.0
C09663,100,102,2,0.02
C09664,100,103,3,0.03
C09665,100,102,2,0.02
C09666,100,101,1,0.01
C09667,100,100,0,0.0
C09668,100,100,0,0.0
C09669,100,100,0,0.0
C09670,100,100,0,0.0
C09671,100,100,0,0.0
C09672,100,101,1,0.01
C09673,100,100,0,0.0
C09674,100,100,0,0.0
C09675,100,100,0,0.0
C09676,100,100,0,0.0
C09677,100,100,0,0.0
C09678,100,100,0,0.0
C09679,100,100,0,0.0
C09680,100,100,0,0.0
C09681,100,100,0,0.0
C09682,100,100,0,0.0
C09683,100,100,0,0.0
C09684,100,100,0,0.0
C09685,100,100,0,0.0
C09686,100,100,0,0.0
C09687,100,100,0,0.0
C09688,100,100,0,0.0
C09689,100,100,0,0.0
C09690,100,100,0,0.0
C09691,100,100,0,0.0
C09692,100,100,0,0.0
C09693,100,100,0,0.0
C09694,100,13,-87,0.87
C09695,100,100,0,0.0
C09696,100,100,0,0.0
C09697,100,100,0,0.0
C09698,100,100,0,0.0
C09699,100,101,1,0.01
C09700,100,100,0,0.0
C09701,100,100,0,0.0
C09702,100,100,0,0.0
C09704,100,101,1,0.01
C09705,100,100,0,0.0
C09706,100,100,0,0.0
C09707,100,106,6,0.06
C09708,100,100,0,0.0
C09709,100,100,0,0.0
C09710,100,100,0,0.0
C09711,100,100,0,0.0
C09712,100,100,0,0.0
C09714,100,100,0,0.0
C09715,100,100,0,0.0
C09716,100,100,0,0.0
C09717,100,100,0,0.0
C09718,100,100,0,0.0
C09719,100,100,0,0.0
C09720,100,100,0,0.0
C09721,100,100,0,0.0
C09722,100,100,0,0.0
C09723,100,101,1,0.01
C09724,100,100,0,0.0
C09725,100,100,0,0.0
C09726,100,100,0,0.0
C09727,100,88,-12,0.12
C09728,100,100,0,0.0
C09729,100,100,0,0.0
C09730,100,100,0,0.0
C09731,100,100,0,0.0
C09732,100,100,0,0.0
C09733,100,100,0,0.0
C09734,100,100,0,0.0
C09735,100,100,0,0.0
C09736,100,33,-67,0.67
C09737,100,100,0,0.0
C09738,100,100,0,0.0
C09739,100,100,0,0.0
C09740,100,100,0,0.0
C09741,100,100,0,0.0
C09742,100,100,0,0.0
C09743,100,100,0,0.0
C09744,100,100,0,0.0
C09745,100,100,0,0.0
C09746,100,100,0,0.0
C09747,100,100,0,0.0
C09748,100,100,0,0.0
C09749,100,100,0,0.0
C09750,100,101,1,0.01
C09751,100,163,63,0.63
C09752,100,100,0,0.0
C09753,100,100,0,0.0
C09754,100,100,0,0.0
C09755,100,81,-19,0.19
C09756,100,188,88,0.88
C09757,100,100,0,0.0
C09758,100,100,0,0.0
C09759,100,100,0,0.0
C09760,100,100,0,0.0
C09761,100,100,0,0.0
C09762,100,98,-2,0.02
C09763,100,100,0,0.0
C09764,100,100,0,0.0
C09765,100,100,0,0.0
C09766,100,100,0,0.0
C09767,100,100,0,0.0
C09768,100,100,0,0.0
C09769,100,150,50,0.5
C09770,100,100,0,0.0
C09771,100,100,0,0.0
C09772,100,100,0,0.0
C09773,100,100,0,0.0
C09774,100,100,0,0.0
C09775,100,100,0,0.0
C09776,100,100,0,0.0
C09777,100,100,0,0.0
C09778,100,100,0,0.0
C09779,100,100,0,0.0
C09780,100,100,0,0.0
C09781,100,100,0,0.0
C09782,100,143,43,0.43
C09783,100,100,0,0.0
C09784,100,100,0,0.0
C09785,100,100,0,0.0
C09786,100,100,0,0.0
C09787,100,100,0,0.0
C09788,100,100,0,0.0
C09789,100,164,64,0.64
C09790,100,100,0,0.0
C09791,100,113,13,0.13
C09792,100,100,0,0.0
C09793,100,100,0,0.0
C09794,100,85,-15,0.15
C09795,100,100,0,0.0
C09796,100,100,0,0.0
C09797,100,100,0,0.0
C09798,100,100,0,0.0
C09799,100,100,0,0.0
C09800,100,100,0,0.0
C09801,100,100,0,0.0
C09802,100,100,0,0.0
C09803,100,100,0,0.0
C17449,100,100,0,0.0
C09804,100,131,31,0.31
C09805,100,100,0,0.0
C09806,100,106,6,0.06
C09807,100,100,0,0.0
C09808,100,100,0,0.0
C09809,100,161,61,0.61
C09810,100,158,58,0.58
C09811,100,113,13,0.13
C09812,100,107,7,0.07
C09813,100,85,-15,0.15
C09814,100,122,22,0.22
C09815,100,87,-13,0.13
C09816,100,121,21,0.21
C09817,100,112,12,0.12
C09818,100,93,-7,0.07
C09819,100,110,10,0.1
C09820,100,52,-48,0.48
C09821,100,102,2,0.02
C09822,100,96,-4,0.04
C09823,100,72,-28,0.28
C09824,100,102,2,0.02
C09825,100,96,-4,0.04
C09826,100,46,-54,0.54
C09827,100,86,-14,0.14
C09828,100,100,0,0.0
C09829,100,100,0,0.0
C09830,100,100,0,0.0
C09833,100,101,1,0.01
C09834,100,100,0,0.0
C09835,100,100,0,0.0
C09836,100,100,0,0.0
C09837,100,100,0,0.0
C09839,100,107,7,0.07
C09840,100,100,0,0.0
C09842,100,100,0,0.0
C09843,100,100,0,0.0
C09844,100,144,44,0.44
C09845,100,100,0,0.0
C09846,100,100,0,0.0
C09847,100,61,-39,0.39
C09848,100,137,37,0.37
C09849,100,64,-36,0.36
C09850,100,100,0,0.0
C09851,100,100,0,0.0
C09852,100,100,0,0.0
C09853,100,100,0,0.0
C09854,100,100,0,0.0
C09855,100,100,0,0.0
C09856,100,100,0,0.0
C09858,100,100,0,0.0
C09859,100,100,0,0.0
C09860,100,100,0,0.0
C09861,100,100,0,0.0
C09862,100,100,0,0.0
C09863,100,100,0,0.0
C09864,100,100,0,0.0
C09865,100,100,0,0.0
C09866,100,100,0,0.0
C09867,100,100,0,0.0
C09868,100,100,0,0.0
C09869,100,100,0,0.0
C09870,100,109,9,0.09
C09871,100,93,-7,0.07
C09872,100,100,0,0.0
C09873,100,105,5,0.05
C09874,100,100,0,0.0
C09875,100,100,0,0.0
C09876,100,100,0,0.0
C09877,100,100,0,0.0
C09878,100,100,0,0.0
C09879,100,100,0,0.0
C09880,100,99,-1,0.01
C09881,100,100,0,0.0
C09882,100,100,0,0.0
C09883,100,100,0,0.0
C09884,100,156,56,0.56
C09885,100,100,0,0.0
C09886,100,100,0,0.0
C09887,100,100,0,0.0
C09888,100,100,0,0.0
C09889,100,100,0,0.0
C09890,100,100,0,0.0
C09891,100,100,0,0.0
C09892,100,100,0,0.0
C09893,100,66,-34,0.34
C09894,100,100,0,0.0
C09895,100,100,0,0.0
C09896,100,100,0,0.0
C09897,100,100,0,0.0
C09898,100,104,4,0.04
C09899,100,100,0,0.0
C09900,100,102,2,0.02
C09901,100,100,0,0.0
C09902,100,101,1,0.01
C09903,100,100,0,0.0
C09904,100,100,0,0.0
C09905,100,100,0,0.0
C09906,100,100,0,0.0
C09907,100,100,0,0.0
C09908,100,100,0,0.0
C09909,100,100,0,0.0
C09910,100,148,48,0.48
C09911,100,100,0,0.0
C09912,100,100,0,0.0
C09913,100,100,0,0.0
C09914,100,100,0,0.0
C09915,100,100,0,0.0
C09916,100,100,0,0.0
C09917,100,100,0,0.0
C09918,100,100,0,0.0
C09919,100,100,0,0.0
C09920,100,100,0,0.0
C09921,100,100,0,0.0
C09922,100,100,0,0.0
C09923,100,100,0,0.0
C09924,100,100,0,0.0
C09925,100,100,0,0.0
C09926,100,100,0,0.0
C09927,100,100,0,0.0
C09928,100,100,0,0.0
C09929,100,100,0,0.0
C09930,100,100,0,0.0
C09931,100,100,0,0.0
C09932,100,100,0,0.0
C09933,100,100,0,0.0
C09934,100,100,0,0.0
C09935,100,100,0,0.0
C09936,100,100,0,0.0
C09937,100,100,0,0.0
C09938,100,100,0,0.0
C09939,100,100,0,0.0
C09940,100,100,0,0.0
C09941,100,100,0,0.0
C09942,100,100,0,0.0
C09943,100,100,0,0.0
C09944,100,100,0,0.0
C09945,100,100,0,0.0
C09946,100,100,0,0.0
C09947,100,100,0,0.0
C09948,100,100,0,0.0
C09949,100,100,0,0.0
C09950,100,100,0,0.0
C09951,100,100,0,0.0
C09952,100,100,0,0.0
C09953,100,100,0,0.0
C09954,100,100,0,0.0
C09955,100,100,0,0.0
C09956,100,100,0,0.0
C09957,100,100,0,0.0
C09958,100,100,0,0.0
C09959,100,100,0,0.0
C09960,100,100,0,0.0
C09961,100,100,0,0.0
C09962,100,100,0,0.0
C09963,100,100,0,0.0
C09964,100,100,0,0.0
C09965,100,100,0,0.0
C09966,100,100,0,0.0
C09967,100,100,0,0.0
C09968,100,100,0,0.0
C09969,100,100,0,0.0
C09970,100,100,0,0.0
C09971,100,100,0,0.0
C09972,100,100,0,0.0
C09973,100,100,0,0.0
C09974,100,100,0,0.0
C09975,100,100,0,0.0
C09976,100,100,0,0.0
C09977,100,100,0,0.0
C09978,100,100,0,0.0
C09979,100,100,0,0.0
C09980,100,100,0,0.0
C09981,100,100,0,0.0
C09982,100,100,0,0.0
C09983,100,100,0,0.0
C09984,100,100,0,0.0
C09985,100,100,0,0.0
C09986,100,100,0,0.0
C09987,100,146,46,0.46
C09988,100,100,0,0.0
C09989,100,100,0,0.0
C09990,100,100,0,0.0
C09991,100,100,0,0.0
C09992,100,100,0,0.0
C09993,100,100,0,0.0
C09994,100,100,0,0.0
C09996,100,100,0,0.0
C09997,100,100,0,0.0
C09998,100,100,0,0.0
C09999,100,100,0,0.0
C10000,100,100,0,0.0
C10001,100,100,0,0.0
C10002,100,100,0,0.0
C10003,100,100,0,0.0
C10004,100,100,0,0.0
C10005,100,100,0,0.0
C10006,100,100,0,0.0
C10007,100,100,0,0.0
C10008,100,100,0,0.0
C10009,100,100,0,0.0
C10010,100,100,0,0.0
C10011,100,100,0,0.0
C10012,100,100,0,0.0
C10013,100,100,0,0.0
C10014,100,100,0,0.0
C10015,100,100,0,0.0
C10016,100,100,0,0.0
C10017,100,100,0,0.0
C10018,100,100,0,0.0
C10019,100,100,0,0.0
C10021,100,100,0,0.0
C10022,100,100,0,0.0
C10023,100,102,2,0.02
C10024,100,100,0,0.0
C10025,100,98,-2,0.02
C10026,100,100,0,0.0
C10027,100,100,0,0.0
C10028,100,100,0,0.0
C10029,100,100,0,0.0
C10030,100,100,0,0.0
C10031,100,100,0,0.0
C10032,100,100,0,0.0
C10033,100,100,0,0.0
C10034,100,100,0,0.0
C10035,100,100,0,0.0
C10036,100,100,0,0.0
C10038,100,100,0,0.0
C10039,100,100,0,0.0
C10040,100,100,0,0.0
C10041,100,100,0,0.0
C10042,100,100,0,0.0
C10043,100,100,0,0.0
C15608,100,100,0,0.0
C10044,100,100,0,0.0
C10045,100,100,0,0.0
C10046,100,100,0,0.0
C10047,100,100,0,0.0
C10048,100,100,0,0.0
C10049,100,100,0,0.0
C10050,100,100,0,0.0
C10051,100,100,0,0.0
C10052,100,100,0,0.0
C10053,100,100,0,0.0
C10054,100,100,0,0.0
C10055,100,100,0,0.0
C10056,100,100,0,0.0
C10057,100,100,0,0.0
C10058,100,100,0,0.0
C10059,100,100,0,0.0
C10060,100,100,0,0.0
C10061,100,100,0,0.0
C10062,100,100,0,0.0
C10063,100,100,0,0.0
C10064,100,100,0,0.0
C10065,100,100,0,0.0
C10066,100,100,0,0.0
C10067,100,100,0,0.0
C10069,100,100,0,0.0
C10070,100,100,0,0.0
C10071,100,100,0,0.0
C10072,100,100,0,0.0
C10073,100,100,0,0.0
C10074,100,100,0,0.0
C10075,100,100,0,0.0
C10076,100,100,0,0.0
C10077,100,100,0,0.0
C10078,100,100,0,0.0
C10079,100,100,0,0.0
C10080,100,100,0,0.0
C10081,100,100,0,0.0
C10082,100,100,0,0.0
C10083,100,100,0,0.0
C10084,100,100,0,0.0
C10085,100,100,0,0.0
C10086,100,100,0,0.0
C10087,100,100,0,0.0
C10088,100,100,0,0.0
C10089,100,100,0,0.0
C10090,100,100,0,0.0
C10091,100,100,0,0.0
C10092,100,100,0,0.0
C10093,100,100,0,0.0
C10094,100,100,0,0.0
C10095,100,100,0,0.0
C10097,100,100,0,0.0
C10098,100,100,0,0.0
C10099,100,100,0,0.0
C10100,100,100,0,0.0
C10101,100,56,-44,0.44
C10103,100,100,0,0.0
C10104,100,100,0,0.0
C10105,100,100,0,0.0
C10106,100,100,0,0.0
C10107,100,99,-1,0.01
C10108,100,100,0,0.0
C10109,100,100,0,0.0
C10110,100,100,0,0.0
C10111,100,100,0,0.0
C10112,100,100,0,0.0
C10113,100,100,0,0.0
C10114,100,100,0,0.0
C10115,100,100,0,0.0
C10116,100,100,0,0.0
C10117,100,100,0,0.0
C10118,100,100,0,0.0
C10119,100,100,0,0.0
C10120,100,100,0,0.0
C10121,100,100,0,0.0
C10122,100,100,0,0.0
C10123,100,100,0,0.0
C10124,100,100,0,0.0
C10125,100,100,0,0.0
C10126,100,145,45,0.45
C10127,100,100,0,0.0
C10128,100,100,0,0.0
C10129,100,100,0,0.0
C10130,100,100,0,0.0
C10131,100,100,0,0.0
C10132,100,100,0,0.0
C10133,100,100,0,0.0
C10134,100,100,0,0.0
C10135,100,100,0,0.0
C10136,100,100,0,0.0
C10137,100,100,0,0.0
C10138,100,108,8,0.08
C10139,100,100,0,0.0
C10140,100,100,0,0.0
C10142,100,100,0,0.0
C10143,100,100,0,0.0
C10144,100,100,0,0.0
C10145,100,100,0,0.0
C10146,100,100,0,0.0
C10147,100,100,0,0.0
C10148,100,100,0,0.0
C10149,100,100,0,0.0
C10150,100,100,0,0.0
C10151,100,100,0,0.0
C10152,100,100,0,0.0
C10153,100,100,0,0.0
C10154,100,100,0,0.0
C10155,100,100,0,0.0
C10156,100,100,0,0.0
C10157,100,92,-8,0.08
C10159,100,100,0,0.0
C10160,100,100,0,0.0
C10161,100,100,0,0.0
C10162,100,100,0,0.0
C10163,100,100,0,0.0
C10164,100,153,53,0.53
C10165,100,100,0,0.0
C10166,100,100,0,0.0
C10167,100,100,0,0.0
C10168,100,100,0,0.0
C10169,100,100,0,0.0
C10170,100,100,0,0.0
C10171,100,147,47,0.47
C10172,100,52,-48,0.48
C10173,100,145,45,0.45
C10174,100,100,0,0.0
C10176,100,100,0,0.0
C10177,100,100,0,0.0
C10178,100,100,0,0.0
C10180,100,100,0,0.0
C10181,100,100,0,0.0
C10182,100,100,0,0.0
C10183,100,100,0,0.0
C10184,100,100,0,0.0
C10185,100,100,0,0.0
C10186,100,100,0,0.0
C10187,100,100,0,0.0
C10188,100,100,0,0.0
C10189,100,100,0,0.0
C10190,100,100,0,0.0
C10191,100,100,0,0.0
C10192,100,99,-1,0.01
C10193,100,101,1,0.01
C10194,100,100,0,0.0
C10195,100,100,0,0.0
C10196,100,100,0,0.0
C10197,100,100,0,0.0
C10198,100,100,0,0.0
C10199,100,100,0,0.0
C10200,100,105,5,0.05
C10201,100,100,0,0.0
C10202,100,100,0,0.0
C10203,100,100,0,0.0
C10204,100,100,0,0.0
C10205,100,147,47,0.47
C10206,100,100,0,0.0
C10207,100,100,0,0.0
C10208,100,137,37,0.37
C10209,100,100,0,0.0
C10210,100,100,0,0.0
C10211,100,100,0,0.0
C10212,100,100,0,0.0
C10213,100,100,0,0.0
C10214,100,100,0,0.0
C10215,100,100,0,0.0
C10216,100,100,0,0.0
C10217,100,100,0,0.0
C10218,100,100,0,0.0
C10219,100,100,0,0.0
C10220,100,100,0,0.0
C10221,100,100,0,0.0
C10222,100,100,0,0.0
C10223,100,100,0,0.0
C10224,100,100,0,0.0
C10225,100,100,0,0.0
C10226,100,100,0,0.0
C10227,100,100,0,0.0
C10228,100,100,0,0.0
C10229,100,100,0,0.0
C10230,100,100,0,0.0
C10231,100,100,0,0.0
C10232,100,100,0,0.0
C10233,100,100,0,0.0
C10234,100,100,0,0.0
C10235,100,100,0,0.0
C10236,100,100,0,0.0
C10237,100,100,0,0.0
C10238,100,100,0,0.0
C10239,100,100,0,0.0
C10240,100,100,0,0.0
C10241,100,100,0,0.0
C10242,100,100,0,0.0
C10243,100,100,0,0.0
C10244,100,100,0,0.0
C10245,100,100,0,0.0
C10246,100,100,0,0.0
C10247,100,100,0,0.0
C10248,100,100,0,0.0
C10249,100,100,0,0.0
C10250,100,100,0,0.0
C10251,100,100,0,0.0
C10252,100,100,0,0.0
C10253,100,100,0,0.0
C10254,100,100,0,0.0
C10255,100,100,0,0.0
C10256,100,100,0,0.0
C10257,100,100,0,0.0
C10258,100,100,0,0.0
C10259,100,100,0,0.0
C10260,100,100,0,0.0
C10261,100,100,0,0.0
C10262,100,100,0,0.0
C10263,100,100,0,0.0
C10264,100,100,0,0.0
C10265,100,100,0,0.0
C10266,100,100,0,0.0
C10267,100,100,0,0.0
C10268,100,100,0,0.0
C10269,100,100,0,0.0
C10270,100,100,0,0.0
C10271,100,100,0,0.0
C10272,100,100,0,0.0
C10273,100,100,0,0.0
C10274,100,100,0,0.0
C10275,100,100,0,0.0
C10276,100,100,0,0.0
C10277,100,100,0,0.0
C10278,100,100,0,0.0
C10279,100,100,0,0.0
C10280,100,100,0,0.0
C10281,100,100,0,0.0
C10282,100,100,0,0.0
C10283,100,100,0,0.0
C10284,100,100,0,0.0
C10285,100,100,0,0.0
C10286,100,100,0,0.0
C10287,100,100,0,0.0
C10288,100,100,0,0.0
C10289,100,100,0,0.0
C10290,100,100,0,0.0
C10291,100,100,0,0.0
C10292,100,100,0,0.0
C10293,100,100,0,0.0
C10294,100,100,0,0.0
C10295,100,100,0,0.0
C10296,100,100,0,0.0
C10297,100,100,0,0.0
C10298,100,100,0,0.0
C10299,100,100,0,0.0
C10300,100,100,0,0.0
C10301,100,100,0,0.0
C10302,100,100,0,0.0
C10303,100,100,0,0.0
C10304,100,100,0,0.0
C10305,100,100,0,0.0
C10306,100,100,0,0.0
C10307,100,100,0,0.0
C10308,100,100,0,0.0
C10309,100,100,0,0.0
C10310,100,100,0,0.0
C10311,100,100,0,0.0
C10312,100,100,0,0.0
C10313,100,100,0,0.0
C10314,100,100,0,0.0
C10315,100,100,0,0.0
C10316,100,100,0,0.0
C10317,100,100,0,0.0
C10318,100,100,0,0.0
C10319,100,100,0,0.0
C10320,100,100,0,0.0
C10321,100,100,0,0.0
C10322,100,100,0,0.0
C10323,100,100,0,0.0
C10324,100,100,0,0.0
C10325,100,100,0,0.0
C10326,100,100,0,0.0
C10327,100,100,0,0.0
C10328,100,100,0,0.0
C10329,100,100,0,0.0
C10330,100,100,0,0.0
C10332,100,100,0,0.0
C10333,100,100,0,0.0
C10334,100,100,0,0.0
C10335,100,100,0,0.0
C10336,100,100,0,0.0
C10337,100,100,0,0.0
C10338,100,100,0,0.0
C10339,100,100,0,0.0
C10340,100,100,0,0.0
C10341,100,100,0,0.0
C10342,100,100,0,0.0
C10343,100,99,-1,0.01
C10344,100,100,0,0.0
C10345,100,100,0,0.0
C10346,100,100,0,0.0
C10347,100,100,0,0.0
C10348,100,100,0,0.0
C10349,100,100,0,0.0
C10350,100,100,0,0.0
C10352,100,100,0,0.0
C10353,100,100,0,0.0
C10354,100,100,0,0.0
C10355,100,100,0,0.0
C10356,100,100,0,0.0
C10357,100,100,0,0.0
C10358,100,100,0,0.0
C10359,100,100,0,0.0
C10360,100,100,0,0.0
C10361,100,100,0,0.0
C10362,100,100,0,0.0
C10363,100,100,0,0.0
C10364,100,100,0,0.0
C10365,100,100,0,0.0
C10366,100,100,0,0.0
C10367,100,100,0,0.0
C10368,100,100,0,0.0
C10369,100,100,0,0.0
C10370,100,100,0,0.0
C10371,100,100,0,0.0
C10372,100,100,0,0.0
C10373,100,100,0,0.0
C10374,100,100,0,0.0
C10375,100,100,0,0.0
C10376,100,100,0,0.0
C10377,100,100,0,0.0
C10378,100,100,0,0.0
C10379,100,100,0,0.0
C10380,100,100,0,0.0
C10381,100,100,0,0.0
C10382,100,100,0,0.0
C10383,100,100,0,0.0
C10384,100,100,0,0.0
C10385,100,132,32,0.32
C10386,100,100,0,0.0
C10387,100,100,0,0.0
C10388,100,100,0,0.0
C10389,100,100,0,0.0
C10390,100,100,0,0.0
C10391,100,100,0,0.0
C10392,100,100,0,0.0
C10393,100,100,0,0.0
C10394,100,100,0,0.0
C10395,100,100,0,0.0
C10396,100,100,0,0.0
C10397,100,100,0,0.0
C10398,100,100,0,0.0
C10399,100,100,0,0.0
C10400,100,100,0,0.0
C10401,100,100,0,0.0
C10402,100,100,0,0.0
C10403,100,100,0,0.0
C10404,100,100,0,0.0
C10405,100,100,0,0.0
C10406,100,100,0,0.0
C10407,100,100,0,0.0
C10408,100,100,0,0.0
C10409,100,100,0,0.0
C10410,100,100,0,0.0
C10411,100,100,0,0.0
C10412,100,100,0,0.0
C10413,100,100,0,0.0
C10414,100,100,0,0.0
C10415,100,100,0,0.0
C10416,100,100,0,0.0
C10417,100,100,0,0.0
C10418,100,100,0,0.0
C10419,100,143,43,0.43
C10420,100,100,0,0.0
C10421,100,100,0,0.0
C10422,100,100,0,0.0
C10424,100,100,0,0.0
C10425,100,100,0,0.0
C10426,100,100,0,0.0
C10427,100,100,0,0.0
C10428,100,100,0,0.0
C10429,100,100,0,0.0
C10430,100,100,0,0.0
C10431,100,100,0,0.0
C10432,100,100,0,0.0
C10433,100,100,0,0.0
C10434,100,33,-67,0.67
C10435,100,100,0,0.0
C10436,100,100,0,0.0
C10437,100,100,0,0.0
C10438,100,100,0,0.0
C10439,100,100,0,0.0
C10441,100,100,0,0.0
C10443,100,154,54,0.54
C10444,100,100,0,0.0
C10445,100,100,0,0.0
C10447,100,77,-23,0.23
C10448,100,100,0,0.0
C10449,100,100,0,0.0
C10450,100,100,0,0.0
C10451,100,100,0,0.0
C10452,100,100,0,0.0
C10453,100,124,24,0.24
C10454,100,100,0,0.0
C10455,100,100,0,0.0
C10456,100,100,0,0.0
C10457,100,100,0,0.0
C10458,100,100,0,0.0
C10459,100,100,0,0.0
C10460,100,100,0,0.0
C10461,100,100,0,0.0
C10462,100,142,42,0.42
C10463,100,100,0,0.0
C10464,100,100,0,0.0
C10465,100,100,0,0.0
C10466,100,100,0,0.0
C10467,100,100,0,0.0
C10468,100,100,0,0.0
C10469,100,81,-19,0.19
C10470,100,100,0,0.0
C10471,100,100,0,0.0
C10472,100,100,0,0.0
C10473,100,100,0,0.0
C10474,100,100,0,0.0
C10477,100,100,0,0.0
C10478,100,100,0,0.0
C10479,100,100,0,0.0
C10480,100,100,0,0.0
C10481,100,100,0,0.0
C10482,100,100,0,0.0
C10483,100,100,0,0.0
C10484,100,100,0,0.0
C10485,100,100,0,0.0
C10486,100,100,0,0.0
C10487,100,100,0,0.0
C10488,100,100,0,0.0
C10490,100,100,0,0.0
C10491,100,100,0,0.0
C10492,100,100,0,0.0
C10493,100,100,0,0.0
C10494,100,100,0,0.0
C10495,100,100,0,0.0
C10496,100,100,0,0.0
C10498,100,100,0,0.0
C10499,100,100,0,0.0
C10500,100,100,0,0.0
C10501,100,100,0,0.0
C10502,100,196,96,0.96
C10503,100,179,79,0.79
C10504,100,100,0,0.0
C10505,100,100,0,0.0
C10506,100,100,0,0.0
C10507,100,100,0,0.0
C10508,100,100,0,0.0
C10509,100,96,-4,0.04
C10510,100,100,0,0.0
C10511,100,100,0,0.0
C10512,100,100,0,0.0
C10513,100,100,0,0.0
C10514,100,100,0,0.0
C10515,100,100,0,0.0
C10516,100,100,0,0.0
C10517,100,107,7,0.07
C10518,100,100,0,0.0
C10519,100,100,0,0.0
C10520,100,100,0,0.0
C10521,100,101,1,0.01
C10522,100,99,-1,0.01
C10523,100,100,0,0.0
C10524,100,100,0,0.0
C10526,100,100,0,0.0
C10527,100,100,0,0.0
C10529,100,100,0,0.0
C10530,100,100,0,0.0
C10533,100,100,0,0.0
C10534,100,100,0,0.0
C10535,100,100,0,0.0
C10536,100,100,0,0.0
C10537,100,100,0,0.0
C10538,100,106,6,0.06
C10539,100,100,0,0.0
C10540,100,100,0,0.0
C10541,100,100,0,0.0
C10542,100,100,0,0.0
C10543,100,100,0,0.0
C10544,100,100,0,0.0
C10545,100,100,0,0.0
C10546,100,100,0,0.0
C10547,100,100,0,0.0
C10549,100,100,0,0.0
C10550,100,100,0,0.0
C10551,100,100,0,0.0
C10552,100,100,0,0.0
C10553,100,100,0,0.0
C10554,100,100,0,0.0
C10555,100,100,0,0.0
C10556,100,54,-46,0.46
C10557,100,100,0,0.0
C10558,100,100,0,0.0
C10559,100,100,0,0.0
C10560,100,100,0,0.0
C10561,100,100,0,0.0
C10563,100,100,0,0.0
C10564,100,100,0,0.0
C10565,100,100,0,0.0
C10566,100,100,0,0.0
C10567,100,100,0,0.0
C10568,100,100,0,0.0
C10569,100,100,0,0.0
C10570,100,100,0,0.0
C10571,100,100,0,0.0
C10572,100,100,0,0.0
C10573,100,100,0,0.0
C10574,100,100,0,0.0
C10575,100,100,0,0.0
C10576,100,100,0,0.0
C10577,100,100,0,0.0
C10578,100,100,0,0.0
C10579,100,100,0,0.0
C10580,100,100,0,0.0
C10581,100,100,0,0.0
C10582,100,100,0,0.0
C10583,100,100,0,0.0
C10584,100,100,0,0.0
C10585,100,100,0,0.0
C10586,100,100,0,0.0
C10587,100,100,0,0.0
C10588,100,100,0,0.0
C10589,100,100,0,0.0
C10590,100,100,0,0.0
C10592,100,100,0,0.0
C10593,100,100,0,0.0
C10594,100,100,0,0.0
C10595,100,100,0,0.0
C10596,100,100,0,0.0
C10597,100,100,0,0.0
C10598,100,100,0,0.0
C10599,100,100,0,0.0
C10600,100,100,0,0.0
C10601,100,100,0,0.0
C10602,100,100,0,0.0
C10603,100,100,0,0.0
C10604,100,100,0,0.0
C10605,100,100,0,0.0
C10606,100,100,0,0.0
C10607,100,100,0,0.0
C10608,100,100,0,0.0
C10609,100,100,0,0.0
C10610,100,100,0,0.0
C10611,100,100,0,0.0
C10612,100,100,0,0.0
C10613,100,100,0,0.0
C10614,100,100,0,0.0
C10615,100,100,0,0.0
C10616,100,100,0,0.0
C10617,100,100,0,0.0
C10618,100,100,0,0.0
C10619,100,100,0,0.0
C10620,100,100,0,0.0
C10621,100,100,0,0.0
C10622,100,100,0,0.0
C10623,100,100,0,0.0
C10624,100,100,0,0.0
C10625,100,100,0,0.0
C10626,100,100,0,0.0
C10627,100,100,0,0.0
C10628,100,100,0,0.0
C10629,100,100,0,0.0
C10630,100,100,0,0.0
C10631,100,100,0,0.0
C10632,100,136,36,0.36
C10633,100,100,0,0.0
C10634,100,100,0,0.0
C10635,100,100,0,0.0
C10636,100,100,0,0.0
C10637,100,100,0,0.0
C10638,100,100,0,0.0
C10639,100,100,0,0.0
C10640,100,100,0,0.0
C10641,100,101,1,0.01
C10642,100,100,0,0.0
C10643,100,100,0,0.0
C10644,100,100,0,0.0
C10645,100,100,0,0.0
C10646,100,86,-14,0.14
C10647,100,100,0,0.0
C10648,100,100,0,0.0
C10649,100,100,0,0.0
C10650,100,100,0,0.0
C10651,100,100,0,0.0
C10652,100,100,0,0.0
C10653,100,100,0,0.0
C10654,100,100,0,0.0
C10655,100,100,0,0.0
C10656,100,100,0,0.0
C10657,100,100,0,0.0
C10658,100,100,0,0.0
C10659,100,100,0,0.0
C10660,100,95,-5,0.05
C10661,100,100,0,0.0
C10662,100,100,0,0.0
C10663,100,100,0,0.0
C10664,100,100,0,0.0
C10665,100,100,0,0.0
C10666,100,100,0,0.0
C10668,100,100,0,0.0
C10669,100,100,0,0.0
C10670,100,100,0,0.0
C10671,100,100,0,0.0
C10672,100,100,0,0.0
C10673,100,100,0,0.0
C10674,100,100,0,0.0
C10675,100,100,0,0.0
C10676,100,100,0,0.0
C10677,100,100,0,0.0
C10678,100,100,0,0.0
C10679,100,100,0,0.0
C10681,100,100,0,0.0
C10682,100,101,1,0.01
C10683,100,100,0,0.0
C10684,100,100,0,0.0
C10685,100,100,0,0.0
C10686,100,100,0,0.0
C10687,100,100,0,0.0
C10688,100,100,0,0.0
C10689,100,100,0,0.0
C10690,100,100,0,0.0
C10691,100,100,0,0.0
C10692,100,100,0,0.0
C10693,100,100,0,0.0
C10694,100,100,0,0.0
C10695,100,100,0,0.0
C10696,100,100,0,0.0
C10697,100,100,0,0.0
C10698,100,100,0,0.0
C10699,100,100,0,0.0
C10700,100,107,7,0.07
C10701,100,100,0,0.0
C10703,100,100,0,0.0
C10704,100,100,0,0.0
C10705,100,100,0,0.0
C10706,100,100,0,0.0
C10707,100,100,0,0.0
C10708,100,100,0,0.0
C10709,100,100,0,0.0
C10710,100,100,0,0.0
C10711,100,100,0,0.0
C10712,100,100,0,0.0
C10713,100,100,0,0.0
C10714,100,100,0,0.0
C10715,100,100,0,0.0
C10716,100,100,0,0.0
C10717,100,100,0,0.0
C10718,100,100,0,0.0
C10719,100,100,0,0.0
C10720,100,100,0,0.0
C10721,100,100,0,0.0
C10722,100,134,34,0.34
C10723,100,100,0,0.0
C10724,100,100,0,0.0
C10725,100,100,0,0.0
C10726,100,100,0,0.0
C10727,100,100,0,0.0
C10728,100,100,0,0.0
C10729,100,100,0,0.0
C10730,100,100,0,0.0
C10731,100,100,0,0.0
C10732,100,100,0,0.0
C10733,100,184,84,0.84
C10734,100,100,0,0.0
C10735,100,100,0,0.0
C10736,100,100,0,0.0
C10737,100,100,0,0.0
C10738,100,131,31,0.31
C10739,100,100,0,0.0
C10740,100,150,50,0.5
C10741,100,100,0,0.0
C10742,100,100,0,0.0
C10743,100,100,0,0.0
C10744,100,100,0,0.0
C10745,100,100,0,0.0
C10746,100,100,0,0.0
C10747,100,100,0,0.0
C10748,100,100,0,0.0
C10749,100,100,0,0.0
C10750,100,100,0,0.0
C10751,100,100,0,0.0
C10752,100,100,0,0.0
C10753,100,100,0,0.0
C10754,100,100,0,0.0
C10755,100,100,0,0.0
C10756,100,100,0,0.0
C10757,100,100,0,0.0
C10758,100,100,0,0.0
C10759,100,100,0,0.0
C10760,100,100,0,0.0
C10761,100,100,0,0.0
C10762,100,100,0,0.0
C10763,100,143,43,0.43
C10764,100,100,0,0.0
C10765,100,100,0,0.0
C10766,100,100,0,0.0
C10767,100,100,0,0.0
C10768,100,100,0,0.0
C10769,100,100,0,0.0
C10770,100,100,0,0.0
C10771,100,100,0,0.0
C10772,100,117,17,0.17
C10773,100,123,23,0.23
C10774,100,100,0,0.0
C10775,100,100,0,0.0
C10776,100,100,0,0.0
C10777,100,100,0,0.0
C10778,100,100,0,0.0
C10779,100,100,0,0.0
C10780,100,100,0,0.0
C10781,100,100,0,0.0
C10782,100,100,0,0.0
C10783,100,82,-18,0.18
C10784,100,48,-52,0.52
C10785,100,100,0,0.0
C10786,100,100,0,0.0
C10787,100,100,0,0.0
C10788,100,100,0,0.0
C10789,100,100,0,0.0
C10790,100,100,0,0.0
C10791,100,100,0,0.0
C10792,100,100,0,0.0
C10793,100,104,4,0.04
C10794,100,100,0,0.0
C10795,100,100,0,0.0
C10796,100,100,0,0.0
C10797,100,100,0,0.0
C10798,100,100,0,0.0
C10799,100,100,0,0.0
C10800,100,100,0,0.0
C10801,100,100,0,0.0
C10802,100,100,0,0.0
C10803,100,100,0,0.0
C10805,100,100,0,0.0
C10806,100,100,0,0.0
C10807,100,100,0,0.0
C10808,100,100,0,0.0
C10809,100,100,0,0.0
C10810,100,100,0,0.0
C10811,100,100,0,0.0
C10812,100,100,0,0.0
C10813,100,100,0,0.0
C10814,100,100,0,0.0
C10815,100,100,0,0.0
C10816,100,100,0,0.0
C10817,100,100,0,0.0
C10818,100,100,0,0.0
C10819,100,100,0,0.0
C10820,100,100,0,0.0
C10821,100,100,0,0.0
C10822,100,126,26,0.26
C10823,100,100,0,0.0
C10824,100,100,0,0.0
C10825,100,100,0,0.0
C10826,100,132,32,0.32
C10827,100,100,0,0.0
C10828,100,100,0,0.0
C10829,100,100,0,0.0
C10830,100,100,0,0.0
C10831,100,100,0,0.0
C10832,100,100,0,0.0
C10833,100,60,-40,0.4
C10834,100,100,0,0.0
C10835,100,100,0,0.0
C10836,100,100,0,0.0
C10837,100,100,0,0.0
C10838,100,100,0,0.0
C10839,100,100,0,0.0
C10840,100,100,0,0.0
C10841,100,100,0,0.0
C10842,100,100,0,0.0
C10843,100,100,0,0.0
C10844,100,100,0,0.0
C10845,100,100,0,0.0
C10846,100,100,0,0.0
C10847,100,100,0,0.0
C10848,100,100,0,0.0
C10849,100,100,0,0.0
C10850,100,152,52,0.52
C10851,100,100,0,0.0
C10852,100,100,0,0.0
C10853,100,100,0,0.0
C10854,100,100,0,0.0
C10855,100,100,0,0.0
C10856,100,100,0,0.0
C10857,100,100,0,0.0
C10858,100,79,-21,0.21
C10859,100,100,0,0.0
C10860,100,85,-15,0.15
C10861,100,100,0,0.0
C10862,100,100,0,0.0
C10863,100,100,0,0.0
C10864,100,100,0,0.0
C10865,100,153,53,0.53
C10866,100,100,0,0.0
C10867,100,100,0,0.0
C10868,100,100,0,0.0
C10869,100,100,0,0.0
C10870,100,100,0,0.0
C10871,100,100,0,0.0
C10873,100,100,0,0.0
C10874,100,146,46,0.46
C10875,100,100,0,0.0
C10876,100,100,0,0.0
C10877,100,100,0,0.0
C10878,100,100,0,0.0
C10879,100,100,0,0.0
C10880,100,100,0,0.0
C10881,100,100,0,0.0
C10882,100,54,-46,0.46
C10883,100,100,0,0.0
C10884,100,100,0,0.0
C10885,100,100,0,0.0
C10886,100,100,0,0.0
C10887,100,100,0,0.0
C10888,100,100,0,0.0
C10889,100,100,0,0.0
C10890,100,100,0,0.0
C10891,100,100,0,0.0
C10892,100,100,0,0.0
C10893,100,100,0,0.0
C10894,100,100,0,0.0
C10895,100,100,0,0.0
C10896,100,100,0,0.0
C10897,100,100,0,0.0
C10898,100,100,0,0.0
C10899,100,100,0,0.0
C10900,100,100,0,0.0
C10901,100,100,0,0.0
C10902,100,100,0,0.0
C10903,100,100,0,0.0
C10904,100,100,0,0.0
C10906,100,57,-43,0.43
C10907,100,100,0,0.0
C10908,100,100,0,0.0
C10909,100,100,0,0.0
C10910,100,100,0,0.0
C10911,100,100,0,0.0
C10912,100,100,0,0.0
C10913,100,100,0,0.0
C10914,100,100,0,0.0
C10915,100,100,0,0.0
C10916,100,100,0,0.0
C10917,100,100,0,0.0
C10918,100,100,0,0.0
C10919,100,100,0,0.0
C10920,100,100,0,0.0
C10921,100,100,0,0.0
C10922,100,100,0,0.0
C10923,100,100,0,0.0
C10924,100,100,0,0.0
C10925,100,100,0,0.0
C10926,100,100,0,0.0
C10927,100,100,0,0.0
C10928,100,100,0,0.0
C10929,100,100,0,0.0
C10930,100,100,0,0.0
C10931,100,100,0,0.0
C10932,100,100,0,0.0
C10933,100,100,0,0.0
C10934,100,100,0,0.0
C10935,100,100,0,0.0
C10936,100,100,0,0.0
C10937,100,100,0,0.0
C10939,100,100,0,0.0
C10940,100,100,0,0.0
C10941,100,100,0,0.0
C10942,100,100,0,0.0
C10943,100,100,0,0.0
C10944,100,100,0,0.0
C10945,100,80,-20,0.2
C10946,100,100,0,0.0
C10947,100,100,0,0.0
C10948,100,100,0,0.0
C10949,100,100,0,0.0
C10950,100,100,0,0.0
C10951,100,100,0,0.0
C10952,100,100,0,0.0
C10953,100,100,0,0.0
C10954,100,100,0,0.0
C10955,100,100,0,0.0
C10956,100,100,0,0.0
C10957,100,100,0,0.0
C10958,100,100,0,0.0
C10959,100,100,0,0.0
C10960,100,100,0,0.0
C10961,100,100,0,0.0
C10962,100,100,0,0.0
C10963,100,100,0,0.0
C10964,100,100,0,0.0
C10965,100,100,0,0.0
C10966,100,100,0,0.0
C10967,100,100,0,0.0
C10968,100,100,0,0.0
C10969,100,100,0,0.0
C10970,100,100,0,0.0
C10971,100,100,0,0.0
C10973,100,100,0,0.0
C10974,100,53,-47,0.47
C10975,100,100,0,0.0
C10976,100,100,0,0.0
C10977,100,100,0,0.0
C10978,100,100,0,0.0
C10979,100,100,0,0.0
C10980,100,100,0,0.0
C10981,100,100,0,0.0
C10982,100,100,0,0.0
C10983,100,100,0,0.0
C10984,100,100,0,0.0
C10985,100,100,0,0.0
C10986,100,100,0,0.0
C10987,100,100,0,0.0
C10988,100,100,0,0.0
C10989,100,100,0,0.0
C10990,100,100,0,0.0
C10992,100,100,0,0.0
C10993,100,100,0,0.0
C10994,100,100,0,0.0
C10995,100,100,0,0.0
C10996,100,100,0,0.0
C10997,100,100,0,0.0
C10998,100,100,0,0.0
C10999,100,100,0,0.0
C11000,100,100,0,0.0
C11002,100,100,0,0.0
C11003,100,100,0,0.0
C11004,100,116,16,0.16
C11005,100,100,0,0.0
C11006,100,0,-100,1.0
C11007,100,100,0,0.0
C11008,100,100,0,0.0
C11009,100,100,0,0.0
C11010,100,100,0,0.0
C11011,100,100,0,0.0
C11012,100,100,0,0.0
C11013,100,100,0,0.0
C11014,100,100,0,0.0
C11015,100,100,0,0.0
C11016,100,100,0,0.0
C11017,100,100,0,0.0
C11018,100,100,0,0.0
C11019,100,100,0,0.0
C11020,100,100,0,0.0
C11021,100,100,0,0.0
C11022,100,100,0,0.0
C11023,100,100,0,0.0
C11024,100,100,0,0.0
C11025,100,100,0,0.0
C11026,100,100,0,0.0
C11027,100,100,0,0.0
C11028,100,100,0,0.0
C11029,100,100,0,0.0
C11030,100,100,0,0.0
C11031,100,100,0,0.0
C11032,100,100,0,0.0
C11033,100,100,0,0.0
C11034,100,100,0,0.0
C11035,100,100,0,0.0
C11036,100,99,-1,0.01
C11037,100,100,0,0.0
C11038,100,48,-52,0.52
C11039,100,60,-40,0.4
C11040,100,100,0,0.0
C11041,100,100,0,0.0
C11042,100,100,0,0.0
C11043,100,100,0,0.0
C11045,100,100,0,0.0
C11047,100,100,0,0.0
C11048,100,100,0,0.0
C11049,100,100,0,0.0
C11050,100,100,0,0.0
C11051,100,100,0,0.0
C11052,100,100,0,0.0
C11053,100,100,0,0.0
C11054,100,100,0,0.0
C11055,100,100,0,0.0
C11056,100,100,0,0.0
C11057,100,100,0,0.0
C11058,100,100,0,0.0
C11059,100,100,0,0.0
C11060,100,100,0,0.0
C11061,100,104,4,0.04
C11062,100,21,-79,0.79
C11063,100,100,0,0.0
C11064,100,100,0,0.0
C11065,100,100,0,0.0
C11066,100,100,0,0.0
C11067,100,100,0,0.0
C11068,100,100,0,0.0
C11069,100,100,0,0.0
C11070,100,100,0,0.0
C11071,100,100,0,0.0
C11072,100,100,0,0.0
C11073,100,100,0,0.0
C11074,100,100,0,0.0
C11075,100,100,0,0.0
C11076,100,100,0,0.0
C11077,100,100,0,0.0
C11078,100,100,0,0.0
C11079,100,100,0,0.0
C11080,100,100,0,0.0
C11081,100,100,0,0.0
C11082,100,100,0,0.0
C11083,100,100,0,0.0
C11084,100,100,0,0.0
C11085,100,100,0,0.0
C11086,100,100,0,0.0
C11087,100,100,0,0.0
C11088,100,83,-17,0.17
C11089,100,100,0,0.0
C11090,100,100,0,0.0
C11091,100,100,0,0.0
C11092,100,100,0,0.0
C11093,100,100,0,0.0
C11094,100,100,0,0.0
C11095,100,100,0,0.0
C11096,100,100,0,0.0
C11097,100,100,0,0.0
C11098,100,100,0,0.0
C11099,100,100,0,0.0
C11100,100,100,0,0.0
C11101,100,45,-55,0.55
C11102,100,100,0,0.0
C11103,100,100,0,0.0
C11104,100,100,0,0.0
C11105,100,100,0,0.0
C11106,100,100,0,0.0
C11107,100,100,0,0.0
C11108,100,100,0,0.0
C11109,100,100,0,0.0
C11110,100,100,0,0.0
C11111,100,100,0,0.0
C11112,100,100,0,0.0
C11113,100,100,0,0.0
C11114,100,100,0,0.0
C11115,100,100,0,0.0
C11116,100,100,0,0.0
C11117,100,100,0,0.0
C11118,100,100,0,0.0
C11119,100,100,0,0.0
C11120,100,100,0,0.0
C11121,100,100,0,0.0
C11122,100,100,0,0.0
C11123,100,100,0,0.0
C11124,100,100,0,0.0
C11125,100,100,0,0.0
C11126,100,100,0,0.0
C11127,100,100,0,0.0
C11128,100,100,0,0.0
C11129,100,100,0,0.0
C11130,100,100,0,0.0
C11131,100,103,3,0.03
C11132,100,103,3,0.03
C11133,100,103,3,0.03
C11134,100,101,1,0.01
C11135,100,104,4,0.04
C11136,100,101,1,0.01
C11141,100,100,0,0.0
C11142,100,106,6,0.06
C11143,100,121,21,0.21
C11144,100,100,0,0.0
C11145,100,99,-1,0.01
C11146,100,100,0,0.0
C11147,100,100,0,0.0
C11148,100,0,-100,1.0
C11149,100,214,114,1.14
C11150,100,54,-46,0.46
C11151,100,100,0,0.0
C11152,100,100,0,0.0
C11153,100,100,0,0.0
C11154,100,100,0,0.0
C11155,100,100,0,0.0
C11156,100,100,0,0.0
C11158,100,100,0,0.0
C11159,100,100,0,0.0
C11160,100,100,0,0.0
C11161,100,100,0,0.0
C11162,100,100,0,0.0
C11163,100,100,0,0.0
C11164,100,100,0,0.0
C11166,100,100,0,0.0
C11168,100,100,0,0.0
C11169,100,100,0,0.0
C11170,100,100,0,0.0
C11171,100,100,0,0.0
C11172,100,100,0,0.0
C11173,100,127,27,0.27
C11174,100,99,-1,0.01
C11175,100,100,0,0.0
C11177,100,100,0,0.0
C11178,100,100,0,0.0
C11179,100,100,0,0.0
C11180,100,100,0,0.0
C11181,100,100,0,0.0
C11182,100,100,0,0.0
C11184,100,100,0,0.0
C11185,100,100,0,0.0
C11186,100,100,0,0.0
C11188,100,100,0,0.0
C11189,100,100,0,0.0
C11190,100,100,0,0.0
C11191,100,100,0,0.0
C11194,100,100,0,0.0
C11195,100,100,0,0.0
C11196,100,100,0,0.0
C11198,100,100,0,0.0
C11199,100,100,0,0.0
C11200,100,100,0,0.0
C11201,100,100,0,0.0
C11202,100,100,0,0.0
C11205,100,100,0,0.0
C11206,100,100,0,0.0
C11207,100,100,0,0.0
C11208,100,100,0,0.0
C11210,100,100,0,0.0
C11212,100,100,0,0.0
C11213,100,100,0,0.0
C11214,100,100,0,0.0
C11215,100,3,-97,0.97
C11216,100,100,0,0.0
C11217,100,100,0,0.0
C11218,100,100,0,0.0
C11219,100,100,0,0.0
C11221,100,100,0,0.0
C11222,100,100,0,0.0
C11223,100,100,0,0.0
C11224,100,100,0,0.0
C11225,100,100,0,0.0
C11226,100,100,0,0.0
C11227,100,100,0,0.0
C11228,100,100,0,0.0
C11229,100,100,0,0.0
C11230,100,100,0,0.0
C11231,100,100,0,0.0
C11232,100,100,0,0.0
C11233,100,100,0,0.0
C11234,100,100,0,0.0
C11235,100,100,0,0.0
C11236,100,100,0,0.0
C11237,100,100,0,0.0
C11239,100,100,0,0.0
C11240,100,100,0,0.0
C11242,100,98,-2,0.02
C11243,100,145,45,0.45
C11244,100,100,0,0.0
C11245,100,100,0,0.0
C11246,100,100,0,0.0
C11248,100,100,0,0.0
C11249,100,100,0,0.0
C11250,100,66,-34,0.34
C11251,100,100,0,0.0
C11252,100,100,0,0.0
C11253,100,100,0,0.0
C11254,100,100,0,0.0
C11255,100,100,0,0.0
C11256,100,100,0,0.0
C11257,100,100,0,0.0
C11259,100,100,0,0.0
C11260,100,100,0,0.0
C11261,100,100,0,0.0
C11262,100,100,0,0.0
C11263,100,100,0,0.0
C11264,100,100,0,0.0
C11265,100,100,0,0.0
C11266,100,100,0,0.0
C11268,100,100,0,0.0
C11269,100,100,0,0.0
C11271,100,100,0,0.0
C11272,100,100,0,0.0
C11274,100,100,0,0.0
C11275,100,100,0,0.0
C11276,100,100,0,0.0
C11277,100,100,0,0.0
C11278,100,110,10,0.1
C11279,100,100,0,0.0
C11280,100,100,0,0.0
C11281,100,100,0,0.0
C11282,100,100,0,0.0
C11283,100,100,0,0.0
C11284,100,100,0,0.0
C11285,100,100,0,0.0
C11288,100,100,0,0.0
C11289,100,100,0,0.0
C11290,100,100,0,0.0
C11292,100,100,0,0.0
C11293,100,100,0,0.0
C11295,100,100,0,0.0
C11296,100,100,0,0.0
C11297,100,100,0,0.0
C11298,100,100,0,0.0
C11299,100,100,0,0.0
C11300,100,100,0,0.0
C11301,100,101,1,0.01
C11303,100,100,0,0.0
C11304,100,100,0,0.0
C11305,100,100,0,0.0
C11306,100,100,0,0.0
C11307,100,100,0,0.0
C11309,100,100,0,0.0
C11310,100,100,0,0.0
C11311,100,100,0,0.0
C11312,100,100,0,0.0
C11313,100,100,0,0.0
C11314,100,100,0,0.0
C11315,100,100,0,0.0
C11316,100,100,0,0.0
C11317,100,100,0,0.0
C11318,100,100,0,0.0
C11319,100,100,0,0.0
C11320,100,100,0,0.0
C11321,100,100,0,0.0
C11322,100,100,0,0.0
C11323,100,100,0,0.0
C11324,100,100,0,0.0
C11325,100,100,0,0.0
C11326,100,100,0,0.0
C11327,100,100,0,0.0
C11328,100,100,0,0.0
C11329,100,100,0,0.0
C11330,100,100,0,0.0
C11331,100,100,0,0.0
C11332,100,100,0,0.0
C11333,100,100,0,0.0
C11334,100,100,0,0.0
C11335,100,100,0,0.0
C11336,100,100,0,0.0
C11337,100,100,0,0.0
C11338,100,112,12,0.12
C11339,100,100,0,0.0
C11340,100,100,0,0.0
C11341,100,100,0,0.0
C11342,100,100,0,0.0
C11343,100,100,0,0.0
C11344,100,100,0,0.0
C11345,100,100,0,0.0
C11346,100,100,0,0.0
C11347,100,100,0,0.0
C11348,100,99,-1,0.01
C11350,100,100,0,0.0
C11351,100,75,-25,0.25
C11352,100,46,-54,0.54
C11353,100,113,13,0.13
C11354,100,146,46,0.46
C11355,100,42,-58,0.58
C11356,100,91,-9,0.09
C11357,100,100,0,0.0
C11358,100,100,0,0.0
C11359,100,131,31,0.31
C11360,100,100,0,0.0
C11361,100,100,0,0.0
C11362,100,100,0,0.0
C11363,100,100,0,0.0
C11365,100,100,0,0.0
C11366,100,100,0,0.0
C11367,100,100,0,0.0
C11368,100,100,0,0.0
C11369,100,100,0,0.0
C11370,100,100,0,0.0
C11371,100,100,0,0.0
C11372,100,100,0,0.0
C11373,100,100,0,0.0
C11375,100,100,0,0.0
C11376,100,96,-4,0.04
C11377,100,104,4,0.04
C11378,100,100,0,0.0
C11379,100,189,89,0.89
C11380,100,100,0,0.0
C11381,100,100,0,0.0
C11382,100,102,2,0.02
C11383,100,101,1,0.01
C11384,100,124,24,0.24
C11386,100,74,-26,0.26
C11387,100,133,33,0.33
C11388,100,103,3,0.03
C11389,100,79,-21,0.21
C11390,100,100,0,0.0
C11391,100,100,0,0.0
C11392,100,100,0,0.0
C11393,100,61,-39,0.39
C11394,100,100,0,0.0
C11395,100,50,-50,0.5
C11396,100,91,-9,0.09
C11397,100,86,-14,0.14
C11398,100,121,21,0.21
C11399,100,95,-5,0.05
C11400,100,95,-5,0.05
C11401,100,154,54,0.54
C11402,100,87,-13,0.13
C11403,100,85,-15,0.15
C11404,100,67,-33,0.33
C11405,100,188,88,0.88
C11406,100,116,16,0.16
C11407,100,100,0,0.0
C11408,100,56,-44,0.44
C11409,100,96,-4,0.04
C11410,100,91,-9,0.09
C11411,100,92,-8,0.08
C11412,100,123,23,0.23
C11413,100,96,-4,0.04
C11414,100,79,-21,0.21
C11415,100,153,53,0.53
C11416,100,94,-6,0.06
C11417,100,73,-27,0.27
C11418,100,88,-12,0.12
C11419,100,156,56,0.56
C11420,100,112,12,0.12
C11421,100,135,35,0.35
C11422,100,98,-2,0.02
C11427,100,112,12,0.12
C11428,100,53,-47,0.47
C11429,100,56,-44,0.44
C11430,100,191,91,0.91
C11431,100,62,-38,0.38
C11432,100,91,-9,0.09
C11433,100,148,48,0.48
C11434,100,75,-25,0.25
C11435,100,99,-1,0.01
C11436,100,63,-37,0.37
C11437,100,87,-13,0.13
C11438,100,100,0,0.0
C11441,100,100,0,0.0
C11442,100,100,0,0.0
C11443,100,100,0,0.0
C11445,100,100,0,0.0
C11446,100,100,0,0.0
C11447,100,146,46,0.46
C11448,100,142,42,0.42
C11449,100,101,1,0.01
C11453,100,114,14,0.14
C11455,100,114,14,0.14
C11456,100,100,0,0.0
C11457,100,139,39,0.39
C11460,100,9,-91,0.91
C11461,100,91,-9,0.09
C11462,100,100,0,0.0
C11465,100,100,0,0.0
C11466,100,100,0,0.0
C11467,100,100,0,0.0
C11468,100,105,5,0.05
C11469,100,185,85,0.85
C11471,100,100,0,0.0
C11472,100,79,-21,0.21
C11473,100,100,0,0.0
C11474,100,100,0,0.0
C11475,100,173,73,0.73
C11478,100,100,0,0.0
C11480,100,100,0,0.0
C11481,100,225,125,1.25
C11482,100,93,-7,0.07
C11483,100,100,0,0.0
C11484,100,100,0,0.0
C11485,100,100,0,0.0
C11486,100,100,0,0.0
C11488,100,100,0,0.0
C11489,100,100,0,0.0
C11490,100,100,0,0.0
C11491,100,100,0,0.0
C11492,100,100,0,0.0
C11493,100,100,0,0.0
C11494,100,100,0,0.0
C11495,100,100,0,0.0
C11496,100,46,-54,0.54
C11497,100,126,26,0.26
C11498,100,39,-61,0.61
C11499,100,96,-4,0.04
C11500,100,100,0,0.0
C11502,100,126,26,0.26
C11503,100,99,-1,0.01
C11504,100,99,-1,0.01
C11505,100,100,0,0.0
C11506,100,145,45,0.45
C11507,100,151,51,0.51
C11508,100,59,-41,0.41
C11509,100,101,1,0.01
C11510,100,100,0,0.0
C11511,100,62,-38,0.38
C11512,100,100,0,0.0
C11513,100,100,0,0.0
C11514,100,100,0,0.0
C11515,100,102,2,0.02
C11516,100,88,-12,0.12
C11519,100,40,-60,0.6
C11520,100,142,42,0.42
C11521,100,48,-52,0.52
C11522,100,147,47,0.47
C11525,100,113,13,0.13
C11526,100,81,-19,0.19
C11527,100,100,0,0.0
C11529,100,89,-11,0.11
C11535,100,112,12,0.12
C11536,100,41,-59,0.59
C11537,100,44,-56,0.56
C11538,100,147,47,0.47
C11539,100,155,55,0.55
C11540,100,101,1,0.01
C11541,100,100,0,0.0
C11542,100,60,-40,0.4
C11543,100,141,41,0.41
C11544,100,100,0,0.0
C11545,100,59,-41,0.41
C11546,100,18,-82,0.82
C11550,100,124,24,0.24
C11552,100,130,30,0.3
C11553,100,102,2,0.02
C11554,100,97,-3,0.03
C11555,100,99,-1,0.01
C11556,100,78,-22,0.22
C11560,100,100,0,0.0
C11561,100,100,0,0.0
C11562,100,100,0,0.0
C11563,100,100,0,0.0
C11564,100,100,0,0.0
C11565,100,100,0,0.0
C11566,100,100,0,0.0
C11567,100,100,0,0.0
C11568,100,100,0,0.0
C11569,100,100,0,0.0
C11570,100,100,0,0.0
C11571,100,100,0,0.0
C11572,100,146,46,0.46
C11573,100,100,0,0.0
C11574,100,100,0,0.0
C11575,100,100,0,0.0
C11576,100,100,0,0.0
C11577,100,100,0,0.0
C11578,100,100,0,0.0
C11579,100,100,0,0.0
C11580,100,100,0,0.0
C11581,100,100,0,0.0
C11582,100,100,0,0.0
C11583,100,115,15,0.15
C11584,100,100,0,0.0
C11585,100,100,0,0.0
C11586,100,100,0,0.0
C11587,100,100,0,0.0
C11588,100,94,-6,0.06
C11589,100,100,0,0.0
C11590,100,100,0,0.0
C11591,100,100,0,0.0
C11592,100,100,0,0.0
C11593,100,100,0,0.0
C11594,100,100,0,0.0
C11595,100,100,0,0.0
C11596,100,100,0,0.0
C11597,100,100,0,0.0
C11598,100,100,0,0.0
C11599,100,100,0,0.0
C11600,100,100,0,0.0
C11601,100,100,0,0.0
C11602,100,100,0,0.0
C11603,100,100,0,0.0
C11604,100,100,0,0.0
C11605,100,100,0,0.0
C11606,100,100,0,0.0
C11607,100,100,0,0.0
C11608,100,100,0,0.0
C11609,100,100,0,0.0
C11610,100,100,0,0.0
C11611,100,100,0,0.0
C11612,100,100,0,0.0
C11613,100,100,0,0.0
C11615,100,100,0,0.0
C11616,100,100,0,0.0
C11617,100,100,0,0.0
C11618,100,100,0,0.0
C11619,100,100,0,0.0
C11620,100,101,1,0.01
C11621,100,100,0,0.0
C11622,100,100,0,0.0
C11624,100,100,0,0.0
C11625,100,100,0,0.0
C11626,100,100,0,0.0
C11627,100,100,0,0.0
C11628,100,100,0,0.0
C11629,100,100,0,0.0
C11630,100,107,7,0.07
C11631,100,100,0,0.0
C11632,100,85,-15,0.15
C11633,100,66,-34,0.34
C11634,100,149,49,0.49
C11635,100,88,-12,0.12
C11636,100,100,0,0.0
C11637,100,99,-1,0.01
C11638,100,128,28,0.28
C11639,100,100,0,0.0
C11640,100,100,0,0.0
C11641,100,121,21,0.21
C11642,100,94,-6,0.06
C11643,100,99,-1,0.01
C11644,100,100,0,0.0
C11645,100,100,0,0.0
C11646,100,100,0,0.0
C11647,100,100,0,0.0
C11648,100,100,0,0.0
C11649,100,100,0,0.0
C11650,100,100,0,0.0
C11651,100,100,0,0.0
C11652,100,100,0,0.0
C11653,100,100,0,0.0
C11654,100,100,0,0.0
C11655,100,100,0,0.0
C11656,100,100,0,0.0
C11657,100,100,0,0.0
C11658,100,100,0,0.0
C11659,100,100,0,0.0
C11660,100,100,0,0.0
C11661,100,100,0,0.0
C11662,100,100,0,0.0
C11663,100,100,0,0.0
C11664,100,100,0,0.0
C11665,100,100,0,0.0
C11666,100,100,0,0.0
C11667,100,100,0,0.0
C11668,100,100,0,0.0
C11669,100,100,0,0.0
C11671,100,100,0,0.0
C11672,100,99,-1,0.01
C11673,100,92,-8,0.08
C11674,100,100,0,0.0
C11675,100,84,-16,0.16
C11676,100,50,-50,0.5
C11678,100,113,13,0.13
C11679,100,107,7,0.07
C11680,100,52,-48,0.48
C11681,100,108,8,0.08
C11682,100,142,42,0.42
C11683,100,142,42,0.42
C11684,100,100,0,0.0
C11685,100,100,0,0.0
C11686,100,100,0,0.0
C11687,100,100,0,0.0
C11688,100,100,0,0.0
C11689,100,100,0,0.0
C11690,100,100,0,0.0
C11691,100,43,-57,0.57
C11692,100,100,0,0.0
C11694,100,100,0,0.0
C11695,100,85,-15,0.15
C11696,100,100,0,0.0
C11697,100,100,0,0.0
C11698,100,100,0,0.0
C11699,100,100,0,0.0
C11700,100,117,17,0.17
C11701,100,100,0,0.0
C11702,100,100,0,0.0
C11703,100,100,0,0.0
C11704,100,100,0,0.0
C11705,100,100,0,0.0
C11706,100,100,0,0.0
C11707,100,100,0,0.0
C11708,100,100,0,0.0
C11709,100,100,0,0.0
C11710,100,100,0,0.0
C11711,100,100,0,0.0
C11712,100,100,0,0.0
C11713,100,170,70,0.7
C11714,100,119,19,0.19
C11715,100,100,0,0.0
C11716,100,100,0,0.0
C11717,100,100,0,0.0
C11718,100,100,0,0.0
C11719,100,100,0,0.0
C11720,100,100,0,0.0
C11721,100,100,0,0.0
C11723,100,100,0,0.0
C11724,100,100,0,0.0
C11725,100,100,0,0.0
C11726,100,100,0,0.0
C11727,100,100,0,0.0
C13962,100,100,0,0.0
C11728,100,100,0,0.0
C11729,100,100,0,0.0
C11730,100,100,0,0.0
C11731,100,100,0,0.0
C11732,100,100,0,0.0
C11733,100,100,0,0.0
C11734,100,100,0,0.0
C11735,100,120,20,0.2
C11736,100,153,53,0.53
C11737,100,100,0,0.0
C11738,100,100,0,0.0
C11739,100,100,0,0.0
C11740,100,100,0,0.0
C11741,100,100,0,0.0
C11742,100,100,0,0.0
C11743,100,100,0,0.0
C11744,100,100,0,0.0
C11745,100,100,0,0.0
C11746,100,100,0,0.0
C11747,100,100,0,0.0
C11748,100,100,0,0.0
C11749,100,100,0,0.0
C11750,100,100,0,0.0
C11751,100,100,0,0.0
C11752,100,100,0,0.0
C11754,100,100,0,0.0
C11755,100,100,0,0.0
C11756,100,100,0,0.0
C11757,100,100,0,0.0
C11760,100,100,0,0.0
C11761,100,100,0,0.0
C11762,100,100,0,0.0
C11763,100,100,0,0.0
C11764,100,100,0,0.0
C11765,100,100,0,0.0
C11766,100,100,0,0.0
C11767,100,100,0,0.0
C11768,100,100,0,0.0
C11769,100,100,0,0.0
C11770,100,100,0,0.0
C11771,100,100,0,0.0
C11772,100,100,0,0.0
C11773,100,100,0,0.0
C11774,100,100,0,0.0
C11775,100,100,0,0.0
C11776,100,100,0,0.0
C11777,100,100,0,0.0
C11778,100,100,0,0.0
C11779,100,100,0,0.0
C11780,100,100,0,0.0
C11781,100,100,0,0.0
C11782,100,100,0,0.0
C11783,100,122,22,0.22
C11784,100,118,18,0.18
C11785,100,101,1,0.01
C11786,100,100,0,0.0
C11787,100,100,0,0.0
C11788,100,100,0,0.0
C11789,100,100,0,0.0
C11790,100,100,0,0.0
C11791,100,100,0,0.0
C11792,100,100,0,0.0
C11793,100,100,0,0.0
C11794,100,100,0,0.0
C11795,100,100,0,0.0
C11796,100,100,0,0.0
C11797,100,100,0,0.0
C11798,100,100,0,0.0
C11799,100,100,0,0.0
C11800,100,100,0,0.0
C11801,100,100,0,0.0
C11802,100,100,0,0.0
C11803,100,100,0,0.0
C11804,100,100,0,0.0
C11805,100,100,0,0.0
C11806,100,100,0,0.0
C11807,100,112,12,0.12
C11808,100,108,8,0.08
C11809,100,60,-40,0.4
C11810,100,115,15,0.15
C11811,100,92,-8,0.08
C11812,100,138,38,0.38
C11813,100,98,-2,0.02
C11814,100,99,-1,0.01
C11815,100,145,45,0.45
C11816,100,17,-83,0.83
C11817,100,78,-22,0.22
C11818,100,87,-13,0.13
C11819,100,100,0,0.0
C11820,100,100,0,0.0
C11821,100,32,-68,0.68
C11822,100,65,-35,0.35
C11823,100,137,37,0.37
C11825,100,77,-23,0.23
C11827,100,155,55,0.55
C11829,100,99,-1,0.01
C11830,100,99,-1,0.01
C11831,100,80,-20,0.2
C11832,100,41,-59,0.59
C11833,100,100,0,0.0
C11834,100,100,0,0.0
C11837,100,100,0,0.0
C11838,100,148,48,0.48
C11839,100,100,0,0.0
C11840,100,100,0,0.0
C11842,100,100,0,0.0
C11844,100,100,0,0.0
C11845,100,100,0,0.0
C11846,100,100,0,0.0
C11847,100,100,0,0.0
C11848,100,100,0,0.0
C11849,100,100,0,0.0
C11850,100,85,-15,0.15
C11851,100,100,0,0.0
C11853,100,100,0,0.0
C11854,100,148,48,0.48
C11855,100,145,45,0.45
C11856,100,152,52,0.52
C11857,100,0,-100,1.0
C11858,100,148,48,0.48
C11859,100,137,37,0.37
C11860,100,8,-92,0.92
C11861,100,7,-93,0.93
C11862,100,90,-10,0.1
C11863,100,36,-64,0.64
C11864,100,55,-45,0.45
C11865,100,53,-47,0.47
C11866,100,97,-3,0.03
C11867,100,140,40,0.4
C11868,100,66,-34,0.34
C11869,100,134,34,0.34
C11870,100,140,40,0.4
C11871,100,51,-49,0.49
C11872,100,99,-1,0.01
C11873,100,102,2,0.02
C11874,100,100,0,0.0
C11875,100,99,-1,0.01
C11876,100,101,1,0.01
C11877,100,115,15,0.15
C11878,100,107,7,0.07
C11879,100,40,-60,0.6
C11880,100,54,-46,0.46
C11881,100,62,-38,0.38
C11882,100,99,-1,0.01
C11883,100,126,26,0.26
C11884,100,113,13,0.13
C11885,100,96,-4,0.04
C11886,100,89,-11,0.11
C11887,100,132,32,0.32
C11888,100,151,51,0.51
C11889,100,148,48,0.48
C11890,100,52,-48,0.48
C11891,100,71,-29,0.29
C11892,100,123,23,0.23
C11893,100,105,5,0.05
C11894,100,106,6,0.06
C11895,100,86,-14,0.14
C11896,100,113,13,0.13
C11897,100,59,-41,0.41
C11898,100,101,1,0.01
C11899,100,153,53,0.53
C11900,100,15,-85,0.85
C11901,100,0,-100,1.0
C11902,100,0,-100,1.0
C11903,100,67,-33,0.33
C11904,100,133,33,0.33
C11905,100,99,-1,0.01
C11906,100,100,0,0.0
C11907,100,0,-100,1.0
C11908,100,94,-6,0.06
C11909,100,42,-58,0.58
C11910,100,157,57,0.57
C11911,100,0,-100,1.0
C11912,100,0,-100,1.0
C11913,100,100,0,0.0
C11915,100,92,-8,0.08
C11916,100,54,-46,0.46
C11917,100,100,0,0.0
C11918,100,129,29,0.29
C11919,100,105,5,0.05
C11920,100,108,8,0.08
C11921,100,0,-100,1.0
C11922,100,0,-100,1.0
C11923,100,0,-100,1.0
C11924,100,96,-4,0.04
C11925,100,140,40,0.4
C11926,100,163,63,0.63
C11927,100,173,73,0.73
C11928,100,25,-75,0.75
C11929,100,89,-11,0.11
C11930,100,88,-12,0.12
C11931,100,62,-38,0.38
C11932,100,100,0,0.0
C11933,100,50,-50,0.5
C11934,100,115,15,0.15
C11935,100,83,-17,0.17
C11936,100,119,19,0.19
C11937,100,105,5,0.05
C11940,100,107,7,0.07
C11941,100,44,-56,0.56
C11942,100,96,-4,0.04
C11943,100,98,-2,0.02
C11944,100,103,3,0.03
C11945,100,85,-15,0.15
C11946,100,88,-12,0.12
C11947,100,124,24,0.24
C11948,100,73,-27,0.27
C11949,100,129,29,0.29
C11951,100,117,17,0.17
C11952,100,138,38,0.38
C11954,100,46,-54,0.54
C11955,100,145,45,0.45
C11956,100,90,-10,0.1
C11957,100,102,2,0.02
C11958,100,102,2,0.02
C11959,100,107,7,0.07
C11960,100,108,8,0.08
C11961,100,100,0,0.0
C11963,100,136,36,0.36
C11964,100,91,-9,0.09
C11965,100,102,2,0.02
C11966,100,101,1,0.01
C11967,100,109,9,0.09
C11968,100,108,8,0.08
C11969,100,100,0,0.0
C11971,100,130,30,0.3
C11972,100,92,-8,0.08
C11973,100,102,2,0.02
C11974,100,100,0,0.0
C11975,100,109,9,0.09
C11976,100,109,9,0.09
C11978,100,47,-53,0.53
C11979,100,144,44,0.44
C11980,100,96,-4,0.04
C11981,100,95,-5,0.05
C11982,100,97,-3,0.03
C11983,100,113,13,0.13
C11984,100,108,8,0.08
C11985,100,14,-86,0.86
C11987,100,143,43,0.43
C11989,100,101,1,0.01
C11991,100,147,47,0.47
C11992,100,71,-29,0.29
C11993,100,84,-16,0.16
C11994,100,116,16,0.16
C11995,100,100,0,0.0
C11996,100,100,0,0.0
C11997,100,76,-24,0.24
C11998,100,123,23,0.23
C11999,100,100,0,0.0
C12000,100,49,-51,0.51
C12001,100,151,51,0.51
C12002,100,68,-32,0.32
C12003,100,83,-17,0.17
C12006,100,100,0,0.0
C12007,100,100,0,0.0
C12008,100,100,0,0.0
C12009,100,100,0,0.0
C12011,100,100,0,0.0
C12012,100,100,0,0.0
C12013,100,100,0,0.0
C12014,100,100,0,0.0
C12016,100,101,1,0.01
C12017,100,100,0,0.0
C12018,100,100,0,0.0
C12019,100,100,0,0.0
C12020,100,100,0,0.0
C12021,100,100,0,0.0
C12022,100,100,0,0.0
C12023,100,100,0,0.0
C12024,100,100,0,0.0
C12025,100,100,0,0.0
C12026,100,86,-14,0.14
C12027,100,100,0,0.0
C12029,100,100,0,0.0
C12030,100,100,0,0.0
C12033,100,100,0,0.0
C12034,100,100,0,0.0
C12035,100,100,0,0.0
C12036,100,100,0,0.0
C12037,100,100,0,0.0
C12038,100,100,0,0.0
C12039,100,100,0,0.0
C12040,100,100,0,0.0
C12041,100,100,0,0.0
C12042,100,100,0,0.0
C12043,100,100,0,0.0
C12044,100,20,-80,0.8
C12045,100,100,0,0.0
C12047,100,100,0,0.0
C12048,100,100,0,0.0
C12049,100,100,0,0.0
C12050,100,100,0,0.0
C12051,100,100,0,0.0
C12052,100,100,0,0.0
C12053,100,100,0,0.0
C12054,100,100,0,0.0
C12055,100,100,0,0.0
C12057,100,100,0,0.0
C12058,100,100,0,0.0
C12059,100,100,0,0.0
C12062,100,100,0,0.0
C12063,100,100,0,0.0
C12064,100,100,0,0.0
C12065,100,100,0,0.0
C12066,100,100,0,0.0
C12067,100,100,0,0.0
C12068,100,100,0,0.0
C12069,100,100,0,0.0
C12070,100,100,0,0.0
C12072,100,100,0,0.0
C12073,100,100,0,0.0
C12075,100,100,0,0.0
C12076,100,100,0,0.0
C12077,100,149,49,0.49
C12078,100,100,0,0.0
C12079,100,100,0,0.0
C12080,100,100,0,0.0
C12081,100,100,0,0.0
C12082,100,100,0,0.0
C12085,100,100,0,0.0
C12087,100,100,0,0.0
C12088,100,101,1,0.01
C12089,100,100,0,0.0
C12090,100,100,0,0.0
C12092,100,99,-1,0.01
C12093,100,0,-100,1.0
C12095,100,107,7,0.07
C12096,100,106,6,0.06
C12098,100,100,0,0.0
C12099,100,100,0,0.0
C12100,100,100,0,0.0
C12101,100,100,0,0.0
C12102,100,100,0,0.0
C12103,100,100,0,0.0
C12104,100,100,0,0.0
C12105,100,100,0,0.0
C12106,100,67,-33,0.33
C12107,100,133,33,0.33
C12108,100,107,7,0.07
C12109,100,105,5,0.05
C12110,100,100,0,0.0
C12111,100,100,0,0.0
C12112,100,101,1,0.01
C12113,100,100,0,0.0
C12114,100,100,0,0.0
C12115,100,172,72,0.72
C12116,100,100,0,0.0
C12117,100,100,0,0.0
C12118,100,100,0,0.0
C12119,100,100,0,0.0
C12120,100,100,0,0.0
C12121,100,100,0,0.0
C12122,100,100,0,0.0
C12123,100,102,2,0.02
C12124,100,118,18,0.18
C12125,100,100,0,0.0
C12126,100,92,-8,0.08
C12127,100,154,54,0.54
C12128,100,91,-9,0.09
C12129,100,100,0,0.0
C12130,100,100,0,0.0
C12131,100,100,0,0.0
C12132,100,100,0,0.0
C12133,100,100,0,0.0
C12134,100,100,0,0.0
C12135,100,57,-43,0.43
C12136,100,91,-9,0.09
C12137,100,0,-100,1.0
C12138,100,0,-100,1.0
C12139,100,113,13,0.13
C12140,100,114,14,0.14
C12141,100,119,19,0.19
C12142,100,101,1,0.01
C12143,100,100,0,0.0
C12144,100,64,-36,0.36
C12145,100,137,37,0.37
C12146,100,53,-47,0.47
C12147,100,51,-49,0.49
C12148,100,100,0,0.0
C12149,100,100,0,0.0
C12150,100,100,0,0.0
C12151,100,100,0,0.0
C12152,100,100,0,0.0
C12153,100,100,0,0.0
C12154,100,100,0,0.0
C12156,100,100,0,0.0
C12157,100,100,0,0.0
C12158,100,100,0,0.0
C12159,100,100,0,0.0
C12160,100,100,0,0.0
C12161,100,100,0,0.0
C12162,100,150,50,0.5
C12163,100,100,0,0.0
C12164,100,100,0,0.0
C12165,100,100,0,0.0
C12166,100,100,0,0.0
C12167,100,100,0,0.0
C12168,100,100,0,0.0
C12169,100,100,0,0.0
C12170,100,100,0,0.0
C12171,100,100,0,0.0
C12172,100,100,0,0.0
C12173,100,140,40,0.4
C12174,100,100,0,0.0
C12176,100,0,-100,1.0
C12177,100,56,-44,0.44
C12178,100,100,0,0.0
C12179,100,100,0,0.0
C12180,100,103,3,0.03
C12181,100,100,0,0.0
C12182,100,100,0,0.0
C12183,100,100,0,0.0
C12184,100,100,0,0.0
C12185,100,100,0,0.0
C12186,100,100,0,0.0
C12187,100,100,0,0.0
C12188,100,100,0,0.0
C12189,100,100,0,0.0
C12190,100,100,0,0.0
C12191,100,100,0,0.0
C12192,100,100,0,0.0
C12193,100,107,7,0.07
C12194,100,100,0,0.0
C12195,100,100,0,0.0
C12196,100,100,0,0.0
C12197,100,100,0,0.0
C12198,100,100,0,0.0
C12199,100,100,0,0.0
C12200,100,100,0,0.0
C12201,100,100,0,0.0
C12202,100,100,0,0.0
C12203,100,70,-30,0.3
C12204,100,101,1,0.01
C12205,100,105,5,0.05
C12206,100,180,80,0.8
C12208,100,110,10,0.1
C12210,100,49,-51,0.51
C12211,100,0,-100,1.0
C12212,100,136,36,0.36
C12213,100,15,-85,0.85
C12214,100,114,14,0.14
C12215,100,122,22,0.22
C12216,100,100,0,0.0
C12217,100,100,0,0.0
C12218,100,100,0,0.0
C12219,100,100,0,0.0
C12220,100,100,0,0.0
C12221,100,100,0,0.0
C12222,100,100,0,0.0
C12223,100,100,0,0.0
C12224,100,100,0,0.0
C12225,100,100,0,0.0
C12226,100,100,0,0.0
C12227,100,100,0,0.0
C12228,100,100,0,0.0
C12229,100,100,0,0.0
C12230,100,100,0,0.0
C12231,100,112,12,0.12
C12232,100,100,0,0.0
C12233,100,100,0,0.0
C12234,100,100,0,0.0
C12235,100,100,0,0.0
C12236,100,100,0,0.0
C12237,100,100,0,0.0
C12238,100,100,0,0.0
C12239,100,100,0,0.0
C12240,100,100,0,0.0
C12241,100,100,0,0.0
C12242,100,100,0,0.0
C12243,100,100,0,0.0
C12244,100,100,0,0.0
C12245,100,100,0,0.0
C12246,100,103,3,0.03
C12247,100,90,-10,0.1
C12248,100,5,-95,0.95
C12249,100,93,-7,0.07
C12250,100,100,0,0.0
C12251,100,100,0,0.0
C12252,100,100,0,0.0
C12253,100,100,0,0.0
C12254,100,100,0,0.0
C12255,100,100,0,0.0
C12256,100,100,0,0.0
C12257,100,100,0,0.0
C12258,100,100,0,0.0
C12259,100,100,0,0.0
C12260,100,100,0,0.0
C12261,100,100,0,0.0
C12262,100,100,0,0.0
C12263,100,100,0,0.0
C12264,100,100,0,0.0
C12265,100,100,0,0.0
C12266,100,100,0,0.0
C12267,100,100,0,0.0
C12268,100,100,0,0.0
C12269,100,100,0,0.0
C12270,100,95,-5,0.05
C12271,100,100,0,0.0
C12272,100,100,0,0.0
C12276,100,100,0,0.0
C12277,100,100,0,0.0
C12278,100,100,0,0.0
C12280,100,100,0,0.0
C12282,100,100,0,0.0
C12284,100,100,0,0.0
C12285,100,100,0,0.0
C12286,100,100,0,0.0
C12287,100,100,0,0.0
C12288,100,100,0,0.0
C12289,100,100,0,0.0
C12290,100,100,0,0.0
C12292,100,100,0,0.0
C12293,100,100,0,0.0
C12294,100,100,0,0.0
C12295,100,100,0,0.0
C12296,100,82,-18,0.18
C12297,100,100,0,0.0
C12298,100,100,0,0.0
C12299,100,113,13,0.13
C12300,100,100,0,0.0
C12301,100,100,0,0.0
C12302,100,100,0,0.0
C12303,100,100,0,0.0
C12304,100,100,0,0.0
C12305,100,100,0,0.0
C12306,100,100,0,0.0
C12307,100,100,0,0.0
C12308,100,100,0,0.0
C12309,100,100,0,0.0
C12310,100,100,0,0.0
C12311,100,100,0,0.0
C12312,100,100,0,0.0
C12313,100,90,-10,0.1
C12314,100,100,0,0.0
C12316,100,100,0,0.0
C12317,100,46,-54,0.54
C12318,100,100,0,0.0
C12319,100,50,-50,0.5
C12320,100,60,-40,0.4
C12321,100,104,4,0.04
C12322,100,86,-14,0.14
C12323,100,121,21,0.21
C12324,100,101,1,0.01
C12325,100,114,14,0.14
C12326,100,100,0,0.0
C12327,100,100,0,0.0
C12328,100,100,0,0.0
C12329,100,100,0,0.0
C12330,100,100,0,0.0
C12331,100,100,0,0.0
C12332,100,100,0,0.0
C12333,100,100,0,0.0
C12334,100,100,0,0.0
C12335,100,100,0,0.0
C12336,100,100,0,0.0
C12337,100,100,0,0.0
C12338,100,100,0,0.0
C12339,100,100,0,0.0
C12340,100,100,0,0.0
C12341,100,100,0,0.0
C12342,100,100,0,0.0
C12343,100,100,0,0.0
C12344,100,100,0,0.0
C12345,100,100,0,0.0
C12346,100,100,0,0.0
C12347,100,124,24,0.24
C12348,100,50,-50,0.5
C12349,100,100,0,0.0
C12350,100,100,0,0.0
C12351,100,100,0,0.0
C12352,100,100,0,0.0
C12353,100,100,0,0.0
C12354,100,0,-100,1.0
C12355,100,56,-44,0.44
C12356,100,101,1,0.01
C12357,100,100,0,0.0
C12358,100,100,0,0.0
C12359,100,100,0,0.0
C12360,100,100,0,0.0
C12361,100,100,0,0.0
C12362,100,100,0,0.0
C12363,100,100,0,0.0
C12364,100,100,0,0.0
C12365,100,100,0,0.0
C12366,100,103,3,0.03
C12367,100,61,-39,0.39
C12368,100,0,-100,1.0
C12369,100,36,-64,0.64
C12371,100,57,-43,0.43
C12372,100,100,0,0.0
C12373,100,142,42,0.42
C12374,100,149,49,0.49
C12375,100,128,28,0.28
C12376,100,138,38,0.38
C12377,100,151,51,0.51
C12378,100,100,0,0.0
C12379,100,59,-41,0.41
C12380,100,143,43,0.43
C12381,100,100,0,0.0
C12382,100,100,0,0.0
C12383,100,83,-17,0.17
C12384,100,74,-26,0.26
C12385,100,96,-4,0.04
C12386,100,147,47,0.47
C12387,100,80,-20,0.2
C12388,100,119,19,0.19
C12389,100,153,53,0.53
C12390,100,90,-10,0.1
C12391,100,114,14,0.14
C12392,100,92,-8,0.08
C12393,100,109,9,0.09
C12394,100,142,42,0.42
C12395,100,151,51,0.51
C12396,100,19,-81,0.81
C12397,100,54,-46,0.46
C12398,100,83,-17,0.17
C12399,100,109,9,0.09
C12400,100,146,46,0.46
C12401,100,144,44,0.44
C12402,100,144,44,0.44
C12403,100,100,0,0.0
C12404,100,42,-58,0.58
C12405,100,101,1,0.01
C12406,100,123,23,0.23
C12407,100,120,20,0.2
C12408,100,106,6,0.06
C12409,100,114,14,0.14
C12410,100,54,-46,0.46
C12411,100,112,12,0.12
C12412,100,112,12,0.12
C12413,100,118,18,0.18
C12414,100,98,-2,0.02
C12415,100,0,-100,1.0
C12416,100,100,0,0.0
C12417,100,85,-15,0.15
C12418,100,142,42,0.42
C12419,100,141,41,0.41
C12420,100,137,37,0.37
C12421,100,100,0,0.0
C12422,100,51,-49,0.49
C12423,100,104,4,0.04
C12424,100,100,0,0.0
C12425,100,0,-100,1.0
C12426,100,132,32,0.32
C12427,100,67,-33,0.33
C12428,100,154,54,0.54
C12429,100,100,0,0.0
C12430,100,100,0,0.0
C12431,100,100,0,0.0
C12432,100,100,0,0.0
C12433,100,152,52,0.52
C12434,100,96,-4,0.04
C12435,100,154,54,0.54
C12436,100,14,-86,0.86
C12437,100,147,47,0.47
C12439,100,100,0,0.0
C12440,100,105,5,0.05
C12441,100,51,-49,0.49
C12442,100,93,-7,0.07
C12443,100,47,-53,0.53
C12444,100,53,-47,0.47
C12446,100,57,-43,0.43
C12447,100,0,-100,1.0
C12448,100,86,-14,0.14
C12449,100,140,40,0.4
C12450,100,102,2,0.02
C12451,100,100,0,0.0
C12453,100,114,14,0.14
C12454,100,145,45,0.45
C12455,100,48,-52,0.52
C12456,100,65,-35,0.35
C12457,100,99,-1,0.01
C12458,100,100,0,0.0
C12459,100,142,42,0.42
C12460,100,98,-2,0.02
C12461,100,99,-1,0.01
C12462,100,24,-76,0.76
C12463,100,99,-1,0.01
C12464,100,100,0,0.0
C12465,100,100,0,0.0
C12466,100,100,0,0.0
C12467,100,79,-21,0.21
C12468,100,88,-12,0.12
C12469,100,117,17,0.17
C12470,100,139,39,0.39
C12471,100,99,-1,0.01
C12472,100,145,45,0.45
C12473,100,63,-37,0.37
C12474,100,63,-37,0.37
C12475,100,138,38,0.38
C12476,100,92,-8,0.08
C12477,100,98,-2,0.02
C12478,100,100,0,0.0
C12479,100,100,0,0.0
C12480,100,58,-42,0.42
C12481,100,71,-29,0.29
C12483,100,1,-99,0.99
C12484,100,100,0,0.0
C12486,100,100,0,0.0
C12490,100,100,0,0.0
C12491,100,100,0,0.0
C12508,100,100,0,0.0
C12512,100,100,0,0.0
C12518,100,100,0,0.0
C12525,100,80,-20,0.2
C12531,100,100,0,0.0
C12538,100,100,0,0.0
C12539,100,100,0,0.0
C12540,100,100,0,0.0
C12552,100,100,0,0.0
C12554,100,100,0,0.0
C12557,100,100,0,0.0
C12560,100,100,0,0.0
C12564,100,100,0,0.0
C12567,100,100,0,0.0
C12568,100,100,0,0.0
C12569,100,100,0,0.0
C12574,100,100,0,0.0
C12590,100,100,0,0.0
C12599,100,100,0,0.0
C12600,100,100,0,0.0
C12603,100,100,0,0.0
C12609,100,100,0,0.0
C12616,100,100,0,0.0
C12621,100,139,39,0.39
C12622,100,89,-11,0.11
C12623,100,109,9,0.09
C12624,100,91,-9,0.09
C12625,100,103,3,0.03
C12626,100,103,3,0.03
C12627,100,111,11,0.11
C12628,100,139,39,0.39
C12629,100,100,0,0.0
C12630,100,108,8,0.08
C12631,100,48,-52,0.52
C12632,100,119,19,0.19
C12633,100,100,0,0.0
C12634,100,100,0,0.0
C12635,100,86,-14,0.14
C12636,100,114,14,0.14
C12637,100,105,5,0.05
C12638,100,103,3,0.03
C12639,100,101,1,0.01
C12640,100,133,33,0.33
C12641,100,101,1,0.01
C12642,100,99,-1,0.01
C12643,100,95,-5,0.05
C12644,100,111,11,0.11
C12645,100,101,1,0.01
C12646,100,100,0,0.0
C12647,100,102,2,0.02
C12649,100,100,0,0.0
C12650,100,84,-16,0.16
C12656,100,100,0,0.0
C12661,100,100,0,0.0
C12662,100,100,0,0.0
C12666,100,100,0,0.0
C12667,100,100,0,0.0
C12668,100,101,1,0.01
C12673,100,100,0,0.0
C12675,100,100,0,0.0
C12677,100,100,0,0.0
C12679,100,100,0,0.0
C12685,100,100,0,0.0
C12691,100,100,0,0.0
C12695,100,100,0,0.0
C12712,100,100,0,0.0
C12717,100,100,0,0.0
C12724,100,100,0,0.0
C12729,100,100,0,0.0
C12739,100,79,-21,0.21
C12750,100,100,0,0.0
C12753,100,100,0,0.0
C12755,100,100,0,0.0
C12766,100,100,0,0.0
C12767,100,100,0,0.0
C12768,100,100,0,0.0
C12786,100,100,0,0.0
C12796,100,100,0,0.0
C12798,100,100,0,0.0
C12811,100,100,0,0.0
C12814,100,100,0,0.0
C12819,100,100,0,0.0
C12829,100,100,0,0.0
C12831,100,117,17,0.17
C12832,100,84,-16,0.16
C12833,100,53,-47,0.47
C12834,100,126,26,0.26
C12835,100,85,-15,0.15
C12837,100,93,-7,0.07
C12838,100,148,48,0.48
C12839,100,100,0,0.0
C12842,100,100,0,0.0
C12849,100,100,0,0.0
C12853,100,100,0,0.0
C12859,100,100,0,0.0
C12862,100,100,0,0.0
C12864,100,100,0,0.0
C12865,100,100,0,0.0
C12869,100,100,0,0.0
C12871,100,100,0,0.0
C12876,100,100,0,0.0
C12886,100,100,0,0.0
C12888,100,100,0,0.0
C12889,100,100,0,0.0
C12891,100,100,0,0.0
C12893,100,100,0,0.0
C12896,100,100,0,0.0
C12915,100,100,0,0.0
C12919,100,100,0,0.0
C12933,100,100,0,0.0
C12935,100,100,0,0.0
C12937,100,100,0,0.0
C12942,100,100,0,0.0
C12946,100,100,0,0.0
C12948,100,100,0,0.0
C12954,100,100,0,0.0
C12958,100,100,0,0.0
C12959,100,100,0,0.0
C12962,100,100,0,0.0
C12967,100,100,0,0.0
C12978,100,100,0,0.0
C12979,100,100,0,0.0
C12981,100,100,0,0.0
C12986,100,100,0,0.0
C12987,100,100,0,0.0
C12988,100,100,0,0.0
C12989,100,100,0,0.0
C13008,100,100,0,0.0
C13014,100,100,0,0.0
C13016,100,100,0,0.0
C13024,100,100,0,0.0
C13031,100,100,0,0.0
C13034,100,100,0,0.0
C13037,100,100,0,0.0
C13038,100,100,0,0.0
C13044,100,100,0,0.0
C13048,100,100,0,0.0
C13050,100,92,-8,0.08
C13051,100,150,50,0.5
C13055,100,100,0,0.0
C13058,100,100,0,0.0
C13061,100,100,0,0.0
C13072,100,100,0,0.0
C13074,100,100,0,0.0
C13077,100,100,0,0.0
C13085,100,100,0,0.0
C13086,100,100,0,0.0
C13089,100,100,0,0.0
C13101,100,100,0,0.0
C13102,100,100,0,0.0
C13103,100,100,0,0.0
C14064,100,100,0,0.0
C13104,100,100,0,0.0
C13106,100,100,0,0.0
C13109,100,100,0,0.0
C13110,100,100,0,0.0
C13112,100,100,0,0.0
C13127,100,100,0,0.0
C13129,100,100,0,0.0
C13138,100,100,0,0.0
C13140,100,100,0,0.0
C13142,100,100,0,0.0
C13143,100,100,0,0.0
C13144,100,100,0,0.0
C13154,100,100,0,0.0
C13156,100,100,0,0.0
C13167,100,100,0,0.0
C13168,100,100,0,0.0
C13173,100,100,0,0.0
C13179,100,100,0,0.0
C13182,100,100,0,0.0
C13183,100,100,0,0.0
C13189,100,100,0,0.0
C13192,100,100,0,0.0
C13194,100,100,0,0.0
C13197,100,100,0,0.0
C13198,100,100,0,0.0
C13199,100,100,0,0.0
C13202,100,100,0,0.0
C13229,100,100,0,0.0
C13235,100,100,0,0.0
C13240,100,100,0,0.0
C13244,100,100,0,0.0
C13254,100,100,0,0.0
C13269,100,100,0,0.0
C13273,100,100,0,0.0
C13280,100,100,0,0.0
C13297,100,100,0,0.0
C13299,100,100,0,0.0
C13301,100,100,0,0.0
C13309,100,92,-8,0.08
C13310,100,100,0,0.0
C13311,100,100,0,0.0
C13326,100,100,0,0.0
C13334,100,100,0,0.0
C13342,100,100,0,0.0
C13355,100,100,0,0.0
C13358,100,100,0,0.0
C13373,100,100,0,0.0
C13376,100,100,0,0.0
C13377,100,100,0,0.0
C13378,100,105,5,0.05
C13391,100,100,0,0.0
C13392,100,100,0,0.0
C13400,100,100,0,0.0
C13403,100,100,0,0.0
C13409,100,100,0,0.0
C13410,100,100,0,0.0
C13414,100,100,0,0.0
C13415,100,100,0,0.0
C13416,100,100,0,0.0
C13422,100,100,0,0.0
C13424,100,100,0,0.0
C13425,100,128,28,0.28
C13426,100,100,0,0.0
C13427,100,100,0,0.0
C13429,100,100,0,0.0
C13431,100,196,96,0.96
C13433,100,77,-23,0.23
C13440,100,100,0,0.0
C13441,100,100,0,0.0
C13444,100,100,0,0.0
C13450,100,100,0,0.0
C13451,100,100,0,0.0
C13452,100,100,0,0.0
C13453,100,48,-52,0.52
C13454,100,83,-17,0.17
C13455,100,60,-40,0.4
C13478,100,100,0,0.0
C13482,100,100,0,0.0
C13487,100,100,0,0.0
C13493,100,100,0,0.0
C13494,100,100,0,0.0
C13500,100,100,0,0.0
C13503,100,100,0,0.0
C13505,100,100,0,0.0
C13508,100,139,39,0.39
C13511,100,100,0,0.0
C13515,100,100,0,0.0
C13522,100,100,0,0.0
C13523,100,100,0,0.0
C13524,100,100,0,0.0
C13526,100,100,0,0.0
C13534,100,100,0,0.0
C13540,100,100,0,0.0
C13542,100,100,0,0.0
C13546,100,100,0,0.0
C13547,100,100,0,0.0
C13548,100,100,0,0.0
C13550,100,101,1,0.01
C13553,100,100,0,0.0
C13554,100,100,0,0.0
C13556,100,100,0,0.0
C13558,100,100,0,0.0
C13563,100,100,0,0.0
C13569,100,100,0,0.0
C13587,100,100,0,0.0
C13588,100,100,0,0.0
C13591,100,100,0,0.0
C13610,100,100,0,0.0
C13612,100,100,0,0.0
C13613,100,100,0,0.0
C13619,100,100,0,0.0
C13620,100,67,-33,0.33
C13621,100,89,-11,0.11
C13623,100,99,-1,0.01
C13624,100,35,-65,0.65
C13625,100,138,38,0.38
C13626,100,85,-15,0.15
C13628,100,154,54,0.54
C13629,100,46,-54,0.54
C13630,100,100,0,0.0
C13631,100,55,-45,0.45
C13632,100,154,54,0.54
C13633,100,146,46,0.46
C13635,100,146,46,0.46
C13636,100,86,-14,0.14
C13637,100,98,-2,0.02
C13638,100,96,-4,0.04
C13639,100,100,0,0.0
C13645,100,330,230,2.3
C13646,100,100,0,0.0
C13650,100,100,0,0.0
C13651,100,100,0,0.0
C13652,100,100,0,0.0
C13660,100,100,0,0.0
C13662,100,100,0,0.0
C13664,100,100,0,0.0
C13665,100,100,0,0.0
C13666,100,100,0,0.0
C13667,100,100,0,0.0
C13668,100,100,0,0.0
C13670,100,100,0,0.0
C13671,100,100,0,0.0
C13672,100,100,0,0.0
C13673,100,100,0,0.0
C13674,100,100,0,0.0
C13675,100,100,0,0.0
C13676,100,100,0,0.0
C13677,100,100,0,0.0
C13678,100,100,0,0.0
C13679,100,100,0,0.0
C13680,100,100,0,0.0
C13681,100,100,0,0.0
C13682,100,100,0,0.0
C13683,100,100,0,0.0
C13687,100,100,0,0.0
C13688,100,100,0,0.0
C13689,100,100,0,0.0
C13690,100,100,0,0.0
C13691,100,100,0,0.0
C13692,100,100,0,0.0
C13693,100,100,0,0.0
C13694,100,100,0,0.0
C13695,100,100,0,0.0
C13696,100,100,0,0.0
C13697,100,100,0,0.0
C13698,100,100,0,0.0
C13699,100,100,0,0.0
C13700,100,100,0,0.0
C13701,100,100,0,0.0
C13702,100,100,0,0.0
C13703,100,100,0,0.0
C13704,100,100,0,0.0
C13705,100,100,0,0.0
C13706,100,100,0,0.0
C13707,100,100,0,0.0
C13708,100,100,0,0.0
C13709,100,100,0,0.0
C13710,100,100,0,0.0
C13711,100,100,0,0.0
C13712,100,179,79,0.79
C13713,100,151,51,0.51
C13714,100,100,0,0.0
C13715,100,100,0,0.0
C13716,100,100,0,0.0
C13717,100,100,0,0.0
C13718,100,100,0,0.0
C13720,100,100,0,0.0
C13721,100,100,0,0.0
C13722,100,100,0,0.0
C13723,100,100,0,0.0
C13724,100,100,0,0.0
C13725,100,100,0,0.0
C13726,100,100,0,0.0
C13727,100,100,0,0.0
C13728,100,100,0,0.0
C13729,100,100,0,0.0
C13730,100,100,0,0.0
C13731,100,100,0,0.0
C13732,100,100,0,0.0
C13734,100,100,0,0.0
C13735,100,100,0,0.0
C13736,100,100,0,0.0
C13737,100,100,0,0.0
C13738,100,100,0,0.0
C13739,100,100,0,0.0
C13740,100,100,0,0.0
C13741,100,100,0,0.0
C13744,100,100,0,0.0
C13745,100,100,0,0.0
C13746,100,100,0,0.0
C13747,100,0,-100,1.0
C13748,100,100,0,0.0
C13749,100,100,0,0.0
C13750,100,100,0,0.0
C13751,100,100,0,0.0
C13752,100,100,0,0.0
C13753,100,100,0,0.0
C13756,100,100,0,0.0
C13757,100,100,0,0.0
C13758,100,100,0,0.0
C13759,100,100,0,0.0
C13760,100,100,0,0.0
C13761,100,100,0,0.0
C13762,100,100,0,0.0
C13763,100,100,0,0.0
C13764,100,100,0,0.0
C13765,100,100,0,0.0
C13766,100,100,0,0.0
C13767,100,100,0,0.0
C13768,100,100,0,0.0
C13769,100,100,0,0.0
C13771,100,100,0,0.0
C13772,100,100,0,0.0
C13773,100,100,0,0.0
C13774,100,100,0,0.0
C13776,100,100,0,0.0
C13777,100,100,0,0.0
C13778,100,100,0,0.0
C13779,100,100,0,0.0
C13780,100,100,0,0.0
C13781,100,100,0,0.0
C13782,100,126,26,0.26
C13783,100,100,0,0.0
C13784,100,100,0,0.0
C13785,100,100,0,0.0
C13786,100,100,0,0.0
C13787,100,100,0,0.0
C13788,100,100,0,0.0
C13789,100,100,0,0.0
C13790,100,100,0,0.0
C13791,100,100,0,0.0
C13792,100,100,0,0.0
C13793,100,100,0,0.0
C13794,100,100,0,0.0
C13795,100,100,0,0.0
C13796,100,100,0,0.0
C13797,100,100,0,0.0
C13798,100,100,0,0.0
C13799,100,100,0,0.0
C13800,100,100,0,0.0
C13802,100,100,0,0.0
C13803,100,100,0,0.0
C13804,100,100,0,0.0
C13805,100,100,0,0.0
C13806,100,100,0,0.0
C13807,100,100,0,0.0
C13808,100,100,0,0.0
C13809,100,100,0,0.0
C13810,100,100,0,0.0
C13811,100,100,0,0.0
C13812,100,100,0,0.0
C13813,100,100,0,0.0
C13814,100,100,0,0.0
C13815,100,100,0,0.0
C13817,100,100,0,0.0
C13818,100,100,0,0.0
C13819,100,100,0,0.0
C13820,100,100,0,0.0
C13821,100,100,0,0.0
C13822,100,100,0,0.0
C13823,100,100,0,0.0
C13824,100,100,0,0.0
C13825,100,100,0,0.0
C13826,100,100,0,0.0
C13827,100,100,0,0.0
C13828,100,100,0,0.0
C13829,100,100,0,0.0
C13830,100,100,0,0.0
C13831,100,100,0,0.0
C13832,100,100,0,0.0
C13833,100,100,0,0.0
C13834,100,100,0,0.0
C13835,100,100,0,0.0
C13836,100,100,0,0.0
C13837,100,100,0,0.0
C13838,100,100,0,0.0
C13840,100,100,0,0.0
C13841,100,100,0,0.0
C13842,100,100,0,0.0
C13843,100,100,0,0.0
C13844,100,100,0,0.0
C13845,100,100,0,0.0
C13847,100,100,0,0.0
C13848,100,100,0,0.0
C13849,100,100,0,0.0
C13851,100,100,0,0.0
C13852,100,100,0,0.0
C13853,100,100,0,0.0
C13854,100,100,0,0.0
C13856,100,100,0,0.0
C13857,100,100,0,0.0
C13858,100,100,0,0.0
C13859,100,100,0,0.0
C13860,100,100,0,0.0
C13861,100,100,0,0.0
C13862,100,100,0,0.0
C13863,100,100,0,0.0
C13864,100,100,0,0.0
C13867,100,100,0,0.0
C13870,100,100,0,0.0
C13871,100,100,0,0.0
C13872,100,100,0,0.0
C13874,100,100,0,0.0
C13875,100,100,0,0.0
C13876,100,100,0,0.0
C13877,100,100,0,0.0
C13878,100,100,0,0.0
C13880,100,100,0,0.0
C13881,100,100,0,0.0
C13883,100,100,0,0.0
C13884,100,100,0,0.0
C13885,100,100,0,0.0
C13888,100,100,0,0.0
C13889,100,100,0,0.0
C13890,100,100,0,0.0
C13891,100,100,0,0.0
C13892,100,100,0,0.0
C13894,100,100,0,0.0
C13895,100,100,0,0.0
C13896,100,100,0,0.0
C13897,100,100,0,0.0
C13898,100,100,0,0.0
C13900,100,100,0,0.0
C13901,100,100,0,0.0
C13902,100,100,0,0.0
C13903,100,100,0,0.0
C13906,100,100,0,0.0
C13907,100,100,0,0.0
C13908,100,100,0,0.0
C13909,100,100,0,0.0
C13910,100,100,0,0.0
C13914,100,100,0,0.0
C13915,100,100,0,0.0
C13916,100,100,0,0.0
C13918,100,100,0,0.0
C13920,100,100,0,0.0
C13921,100,100,0,0.0
C13922,100,100,0,0.0
C13923,100,100,0,0.0
C13925,100,100,0,0.0
C13926,100,100,0,0.0
C13927,100,100,0,0.0
C13929,100,100,0,0.0
C13931,100,100,0,0.0
C13932,100,100,0,0.0
C13937,100,100,0,0.0
C13938,100,100,0,0.0
C13940,100,100,0,0.0
C13945,100,100,0,0.0
C13946,100,100,0,0.0
C13947,100,100,0,0.0
C13948,100,100,0,0.0
C13949,100,100,0,0.0
C13952,100,141,41,0.41
C13958,100,100,0,0.0
C13963,100,100,0,0.0
C13964,100,100,0,0.0
C13967,100,100,0,0.0
C13968,100,100,0,0.0
C13973,100,100,0,0.0
C13974,100,100,0,0.0
C13976,100,100,0,0.0
C13978,100,100,0,0.0
C13980,100,100,0,0.0
C13993,100,100,0,0.0
C14010,100,100,0,0.0
C14015,100,100,0,0.0
C14021,100,100,0,0.0
C14029,100,100,0,0.0
C14034,100,100,0,0.0
C14039,100,98,-2,0.02
C14040,100,52,-48,0.48
C14042,100,100,0,0.0
C14043,100,100,0,0.0
C14044,100,100,0,0.0
C14045,100,100,0,0.0
C14049,100,100,0,0.0
C14053,100,100,0,0.0
C14054,100,100,0,0.0
C14055,100,100,0,0.0
C14056,100,100,0,0.0
C14057,100,100,0,0.0
C14058,100,100,0,0.0
C14059,100,100,0,0.0
C14060,100,100,0,0.0
C14061,100,100,0,0.0
C14062,100,100,0,0.0
C14063,100,100,0,0.0
C14077,100,100,0,0.0
C14078,100,100,0,0.0
C14079,100,100,0,0.0
C14082,100,98,-2,0.02
C14084,100,114,14,0.14
C14085,100,62,-38,0.38
C14086,100,120,20,0.2
C14087,100,113,13,0.13
C14088,100,105,5,0.05
C14089,100,89,-11,0.11
C14090,100,108,8,0.08
C14091,100,104,4,0.04
C14094,100,54,-46,0.46
C14095,100,128,28,0.28
C14096,100,118,18,0.18
C14097,100,51,-49,0.49
C14098,100,48,-52,0.52
C14099,100,79,-21,0.21
C14100,100,127,27,0.27
C14101,100,70,-30,0.3
C14103,100,141,41,0.41
C14107,100,147,47,0.47
C14108,100,112,12,0.12
C14109,100,103,3,0.03
C14111,100,74,-26,0.26
C14112,100,151,51,0.51
C14113,100,161,61,0.61
C14114,100,62,-38,0.38
C14115,100,134,34,0.34
C14116,100,67,-33,0.33
C14117,100,128,28,0.28
C14118,100,66,-34,0.34
C14119,100,115,15,0.15
C14120,100,125,25,0.25
C14123,100,100,0,0.0
C14125,100,100,0,0.0
C14126,100,100,0,0.0
C14127,100,100,0,0.0
C14128,100,100,0,0.0
C14129,100,100,0,0.0
C14130,100,100,0,0.0
C14131,100,100,0,0.0
C14132,100,100,0,0.0
C14133,100,100,0,0.0
C14134,100,100,0,0.0
C14135,100,100,0,0.0
C14136,100,100,0,0.0
C14137,100,100,0,0.0
C14138,100,100,0,0.0
C14139,100,100,0,0.0
C14142,100,100,0,0.0
C14143,100,97,-3,0.03
C14144,100,179,79,0.79
C14145,100,105,5,0.05
C14147,100,86,-14,0.14
C14148,100,98,-2,0.02
C14149,100,92,-8,0.08
C14150,100,124,24,0.24
C14151,100,154,54,0.54
C14152,100,54,-46,0.46
C14153,100,101,1,0.01
C14154,100,101,1,0.01
C14155,100,41,-59,0.59
C14156,100,47,-53,0.53
C14157,100,100,0,0.0
C14158,100,100,0,0.0
C14159,100,100,0,0.0
C14160,100,100,0,0.0
C14162,100,100,0,0.0
C14163,100,100,0,0.0
C14164,100,100,0,0.0
C14165,100,100,0,0.0
C14166,100,100,0,0.0
C14167,100,100,0,0.0
C14168,100,100,0,0.0
C14169,100,100,0,0.0
C14170,100,100,0,0.0
C14171,100,100,0,0.0
C14172,100,100,0,0.0
C14173,100,100,0,0.0
C14174,100,100,0,0.0
C14175,100,100,0,0.0
C14176,100,100,0,0.0
C14177,100,99,-1,0.01
C14178,100,101,1,0.01
C14179,100,103,3,0.03
C14180,100,94,-6,0.06
C14181,100,100,0,0.0
C14182,100,100,0,0.0
C14183,100,100,0,0.0
C14184,100,100,0,0.0
C14185,100,100,0,0.0
C14186,100,100,0,0.0
C14187,100,100,0,0.0
C14188,100,100,0,0.0
C14189,100,100,0,0.0
C14190,100,100,0,0.0
C14191,100,100,0,0.0
C14192,100,100,0,0.0
C14193,100,100,0,0.0
C14194,100,100,0,0.0
C14195,100,100,0,0.0
C14196,100,100,0,0.0
C14197,100,100,0,0.0
C14198,100,100,0,0.0
C14199,100,100,0,0.0
C14200,100,100,0,0.0
C14201,100,100,0,0.0
C14202,100,100,0,0.0
C14203,100,100,0,0.0
C14205,100,100,0,0.0
C14206,100,100,0,0.0
C14207,100,100,0,0.0
C14208,100,100,0,0.0
C14209,100,100,0,0.0
C14210,100,100,0,0.0
C14211,100,100,0,0.0
C14212,100,100,0,0.0
C14213,100,100,0,0.0
C14214,100,100,0,0.0
C14215,100,100,0,0.0
C14216,100,100,0,0.0
C14217,100,100,0,0.0
C14218,100,100,0,0.0
C14219,100,100,0,0.0
C14220,100,101,1,0.01
C14222,100,100,0,0.0
C14223,100,100,0,0.0
C14224,100,100,0,0.0
C14225,100,100,0,0.0
C14226,100,100,0,0.0
C14227,100,100,0,0.0
C14228,100,100,0,0.0
C14229,100,100,0,0.0
C14231,100,100,0,0.0
C14232,100,100,0,0.0
C14233,100,100,0,0.0
C14234,100,100,0,0.0
C14235,100,100,0,0.0
C14236,100,100,0,0.0
C14237,100,100,0,0.0
C14238,100,100,0,0.0
C14239,100,100,0,0.0
C14240,100,100,0,0.0
C14241,100,100,0,0.0
C14242,100,100,0,0.0
C14243,100,100,0,0.0
C14244,100,100,0,0.0
C14245,100,100,0,0.0
C14246,100,100,0,0.0
C14247,100,100,0,0.0
C14248,100,100,0,0.0
C14250,100,100,0,0.0
C14252,100,100,0,0.0
C14253,100,100,0,0.0
C14254,100,100,0,0.0
C14255,100,100,0,0.0
C14256,100,100,0,0.0
C14257,100,100,0,0.0
C14258,100,100,0,0.0
C14259,100,100,0,0.0
C14260,100,100,0,0.0
C14261,100,100,0,0.0
C14262,100,100,0,0.0
C14263,100,100,0,0.0
C14264,100,100,0,0.0
C14265,100,100,0,0.0
C14266,100,100,0,0.0
C14267,100,100,0,0.0
C14268,100,100,0,0.0
C14269,100,100,0,0.0
C14270,100,100,0,0.0
C14271,100,100,0,0.0
C14272,100,100,0,0.0
C14273,100,100,0,0.0
C14274,100,100,0,0.0
C14275,100,100,0,0.0
C14276,100,100,0,0.0
C14277,100,100,0,0.0
C14278,100,100,0,0.0
C14279,100,58,-42,0.42
C14280,100,100,0,0.0
C14281,100,100,0,0.0
C14282,100,100,0,0.0
C14283,100,100,0,0.0
C14284,100,100,0,0.0
C14285,100,100,0,0.0
C14286,100,100,0,0.0
C14287,100,100,0,0.0
C14288,100,100,0,0.0
C14289,100,100,0,0.0
C14290,100,100,0,0.0
C14291,100,100,0,0.0
C14292,100,100,0,0.0
C14293,100,100,0,0.0
C14294,100,100,0,0.0
C14295,100,100,0,0.0
C14296,100,100,0,0.0
C14297,100,100,0,0.0
C14298,100,59,-41,0.41
C14299,100,100,0,0.0
C14300,100,100,0,0.0
C14301,100,100,0,0.0
C14302,100,100,0,0.0
C14303,100,100,0,0.0
C14304,100,100,0,0.0
C14305,100,100,0,0.0
C14306,100,100,0,0.0
C14307,100,100,0,0.0
C14308,100,100,0,0.0
C14309,100,100,0,0.0
C14310,100,100,0,0.0
C14311,100,100,0,0.0
C14312,100,100,0,0.0
C14313,100,100,0,0.0
C14314,100,107,7,0.07
C14315,100,99,-1,0.01
C14317,100,100,0,0.0
C14318,100,100,0,0.0
C14319,100,100,0,0.0
C14320,100,100,0,0.0
C14321,100,100,0,0.0
C14322,100,100,0,0.0
C14323,100,100,0,0.0
C14324,100,100,0,0.0
C14325,100,100,0,0.0
C14326,100,100,0,0.0
C14327,100,100,0,0.0
C14328,100,100,0,0.0
C14329,100,100,0,0.0
C14330,100,100,0,0.0
C14331,100,100,0,0.0
C14332,100,100,0,0.0
C14333,100,100,0,0.0
C14334,100,100,0,0.0
C14335,100,100,0,0.0
C14336,100,100,0,0.0
C14337,100,100,0,0.0
C14338,100,100,0,0.0
C14339,100,100,0,0.0
C14340,100,100,0,0.0
C14341,100,100,0,0.0
C14342,100,100,0,0.0
C14343,100,100,0,0.0
C14344,100,100,0,0.0
C14345,100,100,0,0.0
C14346,100,100,0,0.0
C14347,100,100,0,0.0
C14348,100,100,0,0.0
C14349,100,100,0,0.0
C14350,100,100,0,0.0
C14351,100,100,0,0.0
C14352,100,100,0,0.0
C14353,100,100,0,0.0
C14354,100,100,0,0.0
C14355,100,100,0,0.0
C14356,100,100,0,0.0
C14357,100,100,0,0.0
C14358,100,100,0,0.0
C14359,100,100,0,0.0
C14360,100,100,0,0.0
C14361,100,100,0,0.0
C14362,100,100,0,0.0
C14363,100,100,0,0.0
C14364,100,100,0,0.0
C14365,100,100,0,0.0
C14366,100,100,0,0.0
C14367,100,100,0,0.0
C14368,100,100,0,0.0
C14369,100,100,0,0.0
C14370,100,100,0,0.0
C14371,100,100,0,0.0
C14372,100,100,0,0.0
C14374,100,100,0,0.0
C14376,100,100,0,0.0
C14381,100,100,0,0.0
C14382,100,100,0,0.0
C14383,100,100,0,0.0
C14384,100,100,0,0.0
C14385,100,100,0,0.0
C14386,100,100,0,0.0
C14387,100,100,0,0.0
C14388,100,100,0,0.0
C14389,100,100,0,0.0
C14390,100,100,0,0.0
C14391,100,100,0,0.0
C14392,100,100,0,0.0
C14393,100,100,0,0.0
C14394,100,100,0,0.0
C14395,100,100,0,0.0
C14396,100,100,0,0.0
C14397,100,100,0,0.0
C14398,100,100,0,0.0
C14399,100,100,0,0.0
C14400,100,100,0,0.0
C14401,100,303,203,2.03
C14402,100,100,0,0.0
C14403,100,100,0,0.0
C14404,100,100,0,0.0
C14405,100,100,0,0.0
C14406,100,100,0,0.0
C14407,100,100,0,0.0
C14408,100,100,0,0.0
C14409,100,100,0,0.0
C14410,100,100,0,0.0
C14411,100,100,0,0.0
C14412,100,100,0,0.0
C14413,100,100,0,0.0
C14414,100,100,0,0.0
C14415,100,100,0,0.0
C14416,100,100,0,0.0
C14417,100,100,0,0.0
C14418,100,56,-44,0.44
C14419,100,51,-49,0.49
C14420,100,100,0,0.0
C14421,100,100,0,0.0
C14422,100,100,0,0.0
C14423,100,100,0,0.0
C14424,100,100,0,0.0
C14425,100,100,0,0.0
C14426,100,100,0,0.0
C14427,100,100,0,0.0
C14428,100,100,0,0.0
C14429,100,100,0,0.0
C14430,100,100,0,0.0
C14431,100,100,0,0.0
C14432,100,100,0,0.0
C14433,100,100,0,0.0
C14434,100,100,0,0.0
C14435,100,100,0,0.0
C14436,100,100,0,0.0
C14437,100,100,0,0.0
C14438,100,100,0,0.0
C14439,100,100,0,0.0
C14440,100,100,0,0.0
C14441,100,100,0,0.0
C14442,100,100,0,0.0
C14443,100,100,0,0.0
C14444,100,100,0,0.0
C14445,100,100,0,0.0
C14446,100,100,0,0.0
C14447,100,100,0,0.0
C14449,100,100,0,0.0
C14450,100,149,49,0.49
C14451,100,100,0,0.0
C14452,100,100,0,0.0
C14453,100,147,47,0.47
C14454,100,100,0,0.0
C14455,100,100,0,0.0
C14456,100,100,0,0.0
C14457,100,100,0,0.0
C14458,100,100,0,0.0
C14459,100,100,0,0.0
C14460,100,100,0,0.0
C14461,100,100,0,0.0
C14462,100,100,0,0.0
C14463,100,176,76,0.76
C14464,100,100,0,0.0
C14465,100,100,0,0.0
C14466,100,100,0,0.0
C14467,100,100,0,0.0
C14468,100,100,0,0.0
C14469,100,100,0,0.0
C14470,100,100,0,0.0
C14471,100,100,0,0.0
C14472,100,100,0,0.0
C14473,100,100,0,0.0
C14474,100,100,0,0.0
C14475,100,100,0,0.0
C14476,100,100,0,0.0
C14477,100,100,0,0.0
C14478,100,100,0,0.0
C14479,100,100,0,0.0
C14480,100,100,0,0.0
C14481,100,100,0,0.0
C14482,100,100,0,0.0
C14483,100,100,0,0.0
C14484,100,100,0,0.0
C14485,100,100,0,0.0
C14486,100,100,0,0.0
C14487,100,100,0,0.0
C14488,100,100,0,0.0
C14489,100,100,0,0.0
C14490,100,100,0,0.0
C14491,100,100,0,0.0
C14492,100,100,0,0.0
C14493,100,100,0,0.0
C14494,100,100,0,0.0
C14495,100,100,0,0.0
C14496,100,100,0,0.0
C14497,100,100,0,0.0
C14498,100,100,0,0.0
C14499,100,100,0,0.0
C14500,100,100,0,0.0
C14501,100,100,0,0.0
C14502,100,100,0,0.0
C14503,100,100,0,0.0
C14504,100,100,0,0.0
C14505,100,100,0,0.0
C14506,100,100,0,0.0
C14507,100,100,0,0.0
C14508,100,100,0,0.0
C14509,100,100,0,0.0
C14510,100,100,0,0.0
C14511,100,100,0,0.0
C14512,100,100,0,0.0
C14513,100,100,0,0.0
C14514,100,100,0,0.0
C14515,100,100,0,0.0
C14516,100,100,0,0.0
C14517,100,100,0,0.0
C14518,100,100,0,0.0
C14519,100,105,5,0.05
C14520,100,100,0,0.0
C14521,100,100,0,0.0
C14522,100,100,0,0.0
C14523,100,100,0,0.0
C14524,100,100,0,0.0
C14525,100,100,0,0.0
C14526,100,100,0,0.0
C14527,100,100,0,0.0
C14528,100,100,0,0.0
C14529,100,100,0,0.0
C14530,100,100,0,0.0
C14531,100,84,-16,0.16
C14532,100,100,0,0.0
C14533,100,100,0,0.0
C14534,100,100,0,0.0
C14535,100,100,0,0.0
C14536,100,137,37,0.37
C14537,100,100,0,0.0
C14538,100,100,0,0.0
C14539,100,100,0,0.0
C14540,100,144,44,0.44
C14543,100,100,0,0.0
C14544,100,100,0,0.0
C14545,100,100,0,0.0
C14546,100,100,0,0.0
C14547,100,100,0,0.0
C14548,100,100,0,0.0
C14549,100,100,0,0.0
C14550,100,100,0,0.0
C14551,100,100,0,0.0
C14552,100,100,0,0.0
C14553,100,100,0,0.0
C14554,100,100,0,0.0
C14555,100,100,0,0.0
C14556,100,134,34,0.34
C14557,100,100,0,0.0
C14558,100,100,0,0.0
C14559,100,100,0,0.0
C14560,100,100,0,0.0
C14561,100,100,0,0.0
C14562,100,100,0,0.0
C14563,100,100,0,0.0
C14564,100,100,0,0.0
C14565,100,100,0,0.0
C14566,100,100,0,0.0
C14567,100,100,0,0.0
C14568,100,100,0,0.0
C14569,100,100,0,0.0
C14570,100,100,0,0.0
C14571,100,100,0,0.0
C14572,100,100,0,0.0
C14573,100,100,0,0.0
C14574,100,100,0,0.0
C14575,100,100,0,0.0
C14576,100,100,0,0.0
C14577,100,100,0,0.0
C14578,100,100,0,0.0
C14579,100,100,0,0.0
C14580,100,100,0,0.0
C14581,100,100,0,0.0
C14582,100,100,0,0.0
C14583,100,100,0,0.0
C14584,100,100,0,0.0
C14585,100,100,0,0.0
C14586,100,100,0,0.0
C14587,100,100,0,0.0
C14588,100,100,0,0.0
C14589,100,100,0,0.0
C14590,100,100,0,0.0
C14591,100,100,0,0.0
C14592,100,100,0,0.0
C14593,100,100,0,0.0
C14594,100,100,0,0.0
C14595,100,100,0,0.0
C14596,100,100,0,0.0
C14597,100,100,0,0.0
C14598,100,100,0,0.0
C14599,100,100,0,0.0
C14600,100,100,0,0.0
C14601,100,100,0,0.0
C14603,100,100,0,0.0
C14605,100,100,0,0.0
C14606,100,100,0,0.0
C14607,100,100,0,0.0
C14608,100,100,0,0.0
C14609,100,100,0,0.0
C14610,100,102,2,0.02
C14611,100,100,0,0.0
C14612,100,100,0,0.0
C14613,100,100,0,0.0
C14614,100,100,0,0.0
C14615,100,100,0,0.0
C14616,100,100,0,0.0
C14617,100,100,0,0.0
C14618,100,100,0,0.0
C14619,100,100,0,0.0
C14620,100,100,0,0.0
C14621,100,100,0,0.0
C14622,100,100,0,0.0
C14623,100,100,0,0.0
C14624,100,100,0,0.0
C14625,100,100,0,0.0
C14626,100,100,0,0.0
C14627,100,100,0,0.0
C14628,100,100,0,0.0
C14629,100,100,0,0.0
C14630,100,100,0,0.0
C14631,100,100,0,0.0
C14632,100,100,0,0.0
C14633,100,100,0,0.0
C14634,100,100,0,0.0
C14635,100,100,0,0.0
C14636,100,100,0,0.0
C14637,100,100,0,0.0
C14638,100,100,0,0.0
C14639,100,100,0,0.0
C14640,100,100,0,0.0
C14641,100,100,0,0.0
C14642,100,100,0,0.0
C14643,100,100,0,0.0
C14644,100,100,0,0.0
C14645,100,100,0,0.0
C14646,100,100,0,0.0
C14647,100,100,0,0.0
C14648,100,100,0,0.0
C14649,100,100,0,0.0
C14650,100,100,0,0.0
C14651,100,100,0,0.0
C14652,100,100,0,0.0
C14653,100,100,0,0.0
C14654,100,100,0,0.0
C14655,100,100,0,0.0
C14656,100,100,0,0.0
C14657,100,100,0,0.0
C14658,100,100,0,0.0
C14660,100,100,0,0.0
C14661,100,100,0,0.0
C14662,100,100,0,0.0
C14664,100,100,0,0.0
C14665,100,100,0,0.0
C14666,100,100,0,0.0
C14667,100,100,0,0.0
C14668,100,100,0,0.0
C14669,100,100,0,0.0
C14670,100,100,0,0.0
C14671,100,100,0,0.0
C14672,100,100,0,0.0
C14673,100,100,0,0.0
C14674,100,100,0,0.0
C14675,100,100,0,0.0
C14676,100,100,0,0.0
C14677,100,100,0,0.0
C14678,100,100,0,0.0
C14679,100,100,0,0.0
C14680,100,100,0,0.0
C14681,100,100,0,0.0
C14682,100,100,0,0.0
C14683,100,100,0,0.0
C14684,100,100,0,0.0
C14685,100,100,0,0.0
C14686,100,100,0,0.0
C14687,100,100,0,0.0
C14688,100,100,0,0.0
C14689,100,100,0,0.0
C14690,100,100,0,0.0
C14691,100,100,0,0.0
C14692,100,100,0,0.0
C14693,100,100,0,0.0
C14694,100,100,0,0.0
C14695,100,99,-1,0.01
C14696,100,100,0,0.0
C14697,100,100,0,0.0
C14698,100,100,0,0.0
C14699,100,100,0,0.0
C14700,100,100,0,0.0
C14701,100,100,0,0.0
C14702,100,100,0,0.0
C14703,100,100,0,0.0
C14704,100,100,0,0.0
C14705,100,100,0,0.0
C14706,100,100,0,0.0
C14707,100,100,0,0.0
C14708,100,100,0,0.0
C14709,100,100,0,0.0
C14710,100,100,0,0.0
C14711,100,100,0,0.0
C14712,100,100,0,0.0
C14713,100,100,0,0.0
C14714,100,100,0,0.0
C14715,100,100,0,0.0
C14716,100,100,0,0.0
C14717,100,141,41,0.41
C14718,100,100,0,0.0
C14719,100,100,0,0.0
C14720,100,100,0,0.0
C14721,100,109,9,0.09
C14722,100,111,11,0.11
C14723,100,100,0,0.0
C14724,100,151,51,0.51
C14725,100,127,27,0.27
C14726,100,100,0,0.0
C14727,100,108,8,0.08
C14728,100,100,0,0.0
C14730,100,100,0,0.0
C14731,100,100,0,0.0
C14732,100,100,0,0.0
C14733,100,100,0,0.0
C14734,100,100,0,0.0
C14736,100,100,0,0.0
C14737,100,100,0,0.0
C14738,100,100,0,0.0
C14739,100,100,0,0.0
C14740,100,100,0,0.0
C14741,100,100,0,0.0
C14742,100,100,0,0.0
C14743,100,100,0,0.0
C14744,100,100,0,0.0
C14745,100,100,0,0.0
C14746,100,100,0,0.0
C14747,100,100,0,0.0
C14748,100,100,0,0.0
C14749,100,100,0,0.0
C14750,100,100,0,0.0
C14751,100,100,0,0.0
C14752,100,100,0,0.0
C14753,100,100,0,0.0
C14754,100,100,0,0.0
C14755,100,100,0,0.0
C14757,100,100,0,0.0
C14759,100,100,0,0.0
C14760,100,100,0,0.0
C14761,100,100,0,0.0
C14762,100,90,-10,0.1
C14763,100,100,0,0.0
C14764,100,100,0,0.0
C14765,100,110,10,0.1
C14766,100,100,0,0.0
C14767,100,100,0,0.0
C14768,100,85,-15,0.15
C14769,100,85,-15,0.15
C14771,100,80,-20,0.2
C14772,100,115,15,0.15
C14773,100,115,15,0.15
C14774,100,119,19,0.19
C14775,100,121,21,0.21
C14776,100,100,0,0.0
C14777,100,100,0,0.0
C14778,100,100,0,0.0
C14779,100,100,0,0.0
C14780,100,100,0,0.0
C14781,100,132,32,0.32
C14782,100,114,14,0.14
C14783,100,156,56,0.56
C14784,100,100,0,0.0
C14785,100,98,-2,0.02
C14786,100,0,-100,1.0
C14787,100,0,-100,1.0
C14788,100,95,-5,0.05
C14789,100,99,-1,0.01
C14790,100,151,51,0.51
C14791,100,74,-26,0.26
C14792,100,54,-46,0.46
C14793,100,36,-64,0.64
C14794,100,100,0,0.0
C14795,100,100,0,0.0
C14796,100,143,43,0.43
C14797,100,134,34,0.34
C14798,100,155,55,0.55
C14799,100,145,45,0.45
C14800,100,51,-49,0.49
C14801,100,116,16,0.16
C14802,100,64,-36,0.36
C14803,100,116,16,0.16
C14804,100,121,21,0.21
C14805,100,116,16,0.16
C14806,100,119,19,0.19
C14807,100,100,0,0.0
C14808,100,118,18,0.18
C14809,100,121,21,0.21
C14810,100,131,31,0.31
C14811,100,118,18,0.18
C14812,100,100,0,0.0
C14813,100,113,13,0.13
C14814,100,123,23,0.23
C14815,100,64,-36,0.36
C14816,100,100,0,0.0
C14817,100,100,0,0.0
C14818,100,268,168,1.68
C14819,100,174,74,0.74
C14820,100,100,0,0.0
C14821,100,100,0,0.0
C14822,100,100,0,0.0
C14823,100,101,1,0.01
C14824,100,100,0,0.0
C14825,100,86,-14,0.14
C14826,100,78,-22,0.22
C14827,100,50,-50,0.5
C14828,100,114,14,0.14
C14829,100,122,22,0.22
C14830,100,80,-20,0.2
C14831,100,15,-85,0.85
C14832,100,100,0,0.0
C14833,100,100,0,0.0
C14834,100,100,0,0.0
C14835,100,100,0,0.0
C14836,100,100,0,0.0
C14837,100,100,0,0.0
C14838,100,100,0,0.0
C14839,100,19,-81,0.81
C14840,100,23,-77,0.77
C14841,100,152,52,0.52
C14842,100,117,17,0.17
C14843,100,152,52,0.52
C14844,100,64,-36,0.36
C14845,100,53,-47,0.47
C14846,100,148,48,0.48
C14847,100,118,18,0.18
C14848,100,108,8,0.08
C14849,100,66,-34,0.34
C14850,100,90,-10,0.1
C14851,100,81,-19,0.19
C14852,100,93,-7,0.07
C14853,100,100,0,0.0
C14854,100,100,0,0.0
C14855,100,119,19,0.19
C14856,100,117,17,0.17
C14857,100,76,-24,0.24
C14858,100,71,-29,0.29
C14859,100,73,-27,0.27
C14860,100,113,13,0.13
C14861,100,116,16,0.16
C14862,100,134,34,0.34
C14863,100,96,-4,0.04
C14864,100,117,17,0.17
C14865,100,94,-6,0.06
C14866,100,114,14,0.14
C14867,100,77,-23,0.23
C14868,100,111,11,0.11
C14869,100,106,6,0.06
C14870,100,81,-19,0.19
C14871,100,0,-100,1.0
C14872,100,143,43,0.43
C14873,100,137,37,0.37
C14874,100,54,-46,0.46
C14875,100,107,7,0.07
C14876,100,146,46,0.46
C14877,100,149,49,0.49
C14878,100,100,0,0.0
C14879,100,100,0,0.0
C14880,100,100,0,0.0
C14881,100,100,0,0.0
C14882,100,100,0,0.0
C14883,100,100,0,0.0
C14884,100,100,0,0.0
C14885,100,100,0,0.0
C14886,100,100,0,0.0
C14887,100,100,0,0.0
C14888,100,100,0,0.0
C14889,100,100,0,0.0
C14890,100,100,0,0.0
C14891,100,100,0,0.0
C14892,100,100,0,0.0
C14893,100,100,0,0.0
C14894,100,100,0,0.0
C14895,100,100,0,0.0
C14896,100,100,0,0.0
C14897,100,100,0,0.0
C14898,100,100,0,0.0
C14899,100,68,-32,0.32
C14900,100,100,0,0.0
C14901,100,100,0,0.0
C14902,100,100,0,0.0
C14903,100,100,0,0.0
C14904,100,100,0,0.0
C14905,100,100,0,0.0
C14906,100,100,0,0.0
C14907,100,100,0,0.0
C14908,100,100,0,0.0
C14909,100,44,-56,0.56
C14910,100,100,0,0.0
C14911,100,100,0,0.0
C14912,100,100,0,0.0
C14913,100,100,0,0.0
C14914,100,100,0,0.0
C14915,100,100,0,0.0
C14916,100,100,0,0.0
C14917,100,100,0,0.0
C14918,100,100,0,0.0
C14919,100,100,0,0.0
C14920,100,100,0,0.0
C14921,100,100,0,0.0
C14922,100,100,0,0.0
C14923,100,100,0,0.0
C14924,100,100,0,0.0
C14925,100,100,0,0.0
C14926,100,100,0,0.0
C14927,100,100,0,0.0
C14928,100,100,0,0.0
C14929,100,100,0,0.0
C14930,100,100,0,0.0
C14931,100,100,0,0.0
C14932,100,100,0,0.0
C14933,100,100,0,0.0
C14934,100,100,0,0.0
C14935,100,100,0,0.0
C14936,100,100,0,0.0
C14937,100,100,0,0.0
C14938,100,100,0,0.0
C14939,100,100,0,0.0
C14940,100,100,0,0.0
C14941,100,100,0,0.0
C14942,100,100,0,0.0
C14943,100,100,0,0.0
C14944,100,100,0,0.0
C14945,100,100,0,0.0
C14946,100,100,0,0.0
C14947,100,100,0,0.0
C14948,100,100,0,0.0
C14949,100,100,0,0.0
C14950,100,100,0,0.0
C14951,100,100,0,0.0
C14952,100,100,0,0.0
C14953,100,100,0,0.0
C14954,100,100,0,0.0
C14955,100,100,0,0.0
C14956,100,100,0,0.0
C14957,100,100,0,0.0
C14958,100,100,0,0.0
C14959,100,100,0,0.0
C14960,100,100,0,0.0
C14961,100,100,0,0.0
C14962,100,100,0,0.0
C14963,100,100,0,0.0
C14964,100,100,0,0.0
C14965,100,100,0,0.0
C14966,100,100,0,0.0
C14967,100,100,0,0.0
C14968,100,100,0,0.0
C14969,100,100,0,0.0
C14970,100,100,0,0.0
C14971,100,100,0,0.0
C14972,100,100,0,0.0
C14973,100,100,0,0.0
C14974,100,100,0,0.0
C14975,100,100,0,0.0
C14976,100,100,0,0.0
C14977,100,100,0,0.0
C14978,100,100,0,0.0
C14979,100,100,0,0.0
C14980,100,100,0,0.0
C14981,100,100,0,0.0
C14982,100,100,0,0.0
C14983,100,100,0,0.0
C14984,100,100,0,0.0
C14985,100,100,0,0.0
C14986,100,100,0,0.0
C14987,100,100,0,0.0
C14988,100,100,0,0.0
C14990,100,100,0,0.0
C14991,100,100,0,0.0
C14992,100,100,0,0.0
C14993,100,100,0,0.0
C14994,100,100,0,0.0
C14995,100,100,0,0.0
C14996,100,100,0,0.0
C14997,100,100,0,0.0
C14998,100,100,0,0.0
C14999,100,100,0,0.0
C15000,100,100,0,0.0
C15001,100,100,0,0.0
C15002,100,100,0,0.0
C15003,100,100,0,0.0
C15004,100,100,0,0.0
C15005,100,100,0,0.0
C15006,100,100,0,0.0
C15007,100,100,0,0.0
C15008,100,100,0,0.0
C15009,100,100,0,0.0
C15010,100,100,0,0.0
C15011,100,100,0,0.0
C15012,100,100,0,0.0
C15013,100,100,0,0.0
C15014,100,100,0,0.0
C15015,100,100,0,0.0
C15016,100,100,0,0.0
C15017,100,100,0,0.0
C15018,100,100,0,0.0
C15019,100,100,0,0.0
C15020,100,100,0,0.0
C15021,100,100,0,0.0
C15022,100,100,0,0.0
C15023,100,100,0,0.0
C15024,100,100,0,0.0
C15025,100,97,-3,0.03
C15026,100,100,0,0.0
C15027,100,100,0,0.0
C15028,100,100,0,0.0
C15029,100,100,0,0.0
C15030,100,100,0,0.0
C15031,100,100,0,0.0
C15032,100,100,0,0.0
C15033,100,100,0,0.0
C15034,100,100,0,0.0
C15035,100,100,0,0.0
C15036,100,100,0,0.0
C15037,100,100,0,0.0
C15038,100,100,0,0.0
C15039,100,100,0,0.0
C15040,100,100,0,0.0
C15041,100,100,0,0.0
C15042,100,100,0,0.0
C15043,100,100,0,0.0
C15044,100,100,0,0.0
C15045,100,100,0,0.0
C15046,100,100,0,0.0
C15047,100,100,0,0.0
C15048,100,100,0,0.0
C15049,100,100,0,0.0
C15050,100,100,0,0.0
C15051,100,100,0,0.0
C15052,100,100,0,0.0
C15053,100,100,0,0.0
C15054,100,100,0,0.0
C15055,100,100,0,0.0
C15056,100,100,0,0.0
C15057,100,100,0,0.0
C15058,100,100,0,0.0
C15059,100,100,0,0.0
C15060,100,100,0,0.0
C15061,100,100,0,0.0
C15062,100,100,0,0.0
C15063,100,100,0,0.0
C15064,100,100,0,0.0
C15065,100,100,0,0.0
C15066,100,100,0,0.0
C15067,100,100,0,0.0
C15068,100,100,0,0.0
C15069,100,100,0,0.0
C15070,100,100,0,0.0
C15071,100,100,0,0.0
C15072,100,100,0,0.0
C15073,100,100,0,0.0
C15074,100,100,0,0.0
C15075,100,100,0,0.0
C15076,100,100,0,0.0
C15077,100,100,0,0.0
C15078,100,100,0,0.0
C15079,100,100,0,0.0
C15080,100,100,0,0.0
C15081,100,100,0,0.0
C15082,100,100,0,0.0
C15083,100,100,0,0.0
C15084,100,100,0,0.0
C15085,100,100,0,0.0
C15086,100,100,0,0.0
C15087,100,100,0,0.0
C15088,100,100,0,0.0
C15089,100,100,0,0.0
C15090,100,100,0,0.0
C15091,100,100,0,0.0
C15092,100,100,0,0.0
C15093,100,100,0,0.0
C15094,100,100,0,0.0
C15095,100,100,0,0.0
C15096,100,100,0,0.0
C15097,100,100,0,0.0
C15098,100,100,0,0.0
C15099,100,100,0,0.0
C15100,100,100,0,0.0
C15101,100,100,0,0.0
C15102,100,100,0,0.0
C15103,100,100,0,0.0
C15104,100,100,0,0.0
C15105,100,100,0,0.0
C15106,100,100,0,0.0
C15107,100,100,0,0.0
C15108,100,100,0,0.0
C15109,100,100,0,0.0
C15110,100,100,0,0.0
C15111,100,100,0,0.0
C15112,100,100,0,0.0
C15113,100,100,0,0.0
C15114,100,100,0,0.0
C15115,100,100,0,0.0
C15116,100,100,0,0.0
C15117,100,100,0,0.0
C15118,100,100,0,0.0
C15119,100,100,0,0.0
C15120,100,100,0,0.0
C15121,100,100,0,0.0
C15122,100,100,0,0.0
C15123,100,100,0,0.0
C15124,100,100,0,0.0
C15125,100,100,0,0.0
C15126,100,100,0,0.0
C15127,100,100,0,0.0
C15128,100,100,0,0.0
C15129,100,100,0,0.0
C15130,100,100,0,0.0
C15131,100,100,0,0.0
C15132,100,100,0,0.0
C15133,100,100,0,0.0
C15134,100,100,0,0.0
C15135,100,100,0,0.0
C15136,100,100,0,0.0
C15137,100,100,0,0.0
C15138,100,100,0,0.0
C15139,100,100,0,0.0
C15140,100,100,0,0.0
C15141,100,100,0,0.0
C15142,100,100,0,0.0
C15143,100,100,0,0.0
C15144,100,100,0,0.0
C15145,100,100,0,0.0
C15146,100,100,0,0.0
C15147,100,100,0,0.0
C15148,100,100,0,0.0
C15149,100,100,0,0.0
C15150,100,100,0,0.0
C15151,100,100,0,0.0
C15152,100,100,0,0.0
C15153,100,100,0,0.0
C15154,100,100,0,0.0
C15155,100,100,0,0.0
C15156,100,100,0,0.0
C15157,100,100,0,0.0
C15158,100,100,0,0.0
C15159,100,100,0,0.0
C15160,100,100,0,0.0
C15161,100,100,0,0.0
C15162,100,100,0,0.0
C15163,100,100,0,0.0
C15164,100,100,0,0.0
C15165,100,100,0,0.0
C15166,100,100,0,0.0
C15167,100,100,0,0.0
C15168,100,100,0,0.0
C15169,100,100,0,0.0
C15170,100,100,0,0.0
C15171,100,100,0,0.0
C15172,100,100,0,0.0
C15173,100,100,0,0.0
C15174,100,100,0,0.0
C15175,100,100,0,0.0
C15176,100,100,0,0.0
C15177,100,100,0,0.0
C15178,100,100,0,0.0
C15179,100,100,0,0.0
C15180,100,100,0,0.0
C15181,100,100,0,0.0
C15182,100,100,0,0.0
C15183,100,100,0,0.0
C15184,100,100,0,0.0
C15185,100,100,0,0.0
C15186,100,100,0,0.0
C15187,100,100,0,0.0
C15188,100,100,0,0.0
C15189,100,100,0,0.0
C15190,100,100,0,0.0
C15191,100,100,0,0.0
C15192,100,100,0,0.0
C15193,100,100,0,0.0
C15194,100,100,0,0.0
C15195,100,100,0,0.0
C15196,100,100,0,0.0
C15197,100,100,0,0.0
C15198,100,100,0,0.0
C15199,100,100,0,0.0
C15200,100,100,0,0.0
C15201,100,100,0,0.0
C15202,100,100,0,0.0
C15203,100,100,0,0.0
C15204,100,100,0,0.0
C15205,100,100,0,0.0
C15206,100,100,0,0.0
C15207,100,100,0,0.0
C15208,100,100,0,0.0
C15209,100,100,0,0.0
C15210,100,100,0,0.0
C15211,100,100,0,0.0
C15212,100,100,0,0.0
C15213,100,100,0,0.0
C15214,100,100,0,0.0
C15215,100,100,0,0.0
C15216,100,100,0,0.0
C15217,100,100,0,0.0
C15218,100,100,0,0.0
C15219,100,100,0,0.0
C15220,100,100,0,0.0
C15221,100,100,0,0.0
C15222,100,100,0,0.0
C15224,100,100,0,0.0
C15225,100,100,0,0.0
C15226,100,100,0,0.0
C15227,100,100,0,0.0
C15228,100,100,0,0.0
C15229,100,100,0,0.0
C15230,100,100,0,0.0
C15231,100,100,0,0.0
C15232,100,100,0,0.0
C15233,100,100,0,0.0
C15234,100,100,0,0.0
C15235,100,100,0,0.0
C15236,100,100,0,0.0
C15237,100,100,0,0.0
C15238,100,100,0,0.0
C15239,100,100,0,0.0
C15240,100,100,0,0.0
C15241,100,100,0,0.0
C15242,100,100,0,0.0
C15243,100,100,0,0.0
C15244,100,100,0,0.0
C15245,100,100,0,0.0
C15246,100,100,0,0.0
C15247,100,100,0,0.0
C15248,100,100,0,0.0
C15249,100,100,0,0.0
C15250,100,100,0,0.0
C15251,100,100,0,0.0
C15252,100,100,0,0.0
C15253,100,100,0,0.0
C15254,100,100,0,0.0
C15255,100,100,0,0.0
C15256,100,100,0,0.0
C15257,100,100,0,0.0
C15258,100,100,0,0.0
C15259,100,100,0,0.0
C15260,100,100,0,0.0
C15261,100,100,0,0.0
C15262,100,100,0,0.0
C15263,100,100,0,0.0
C15264,100,100,0,0.0
C15265,100,100,0,0.0
C15266,100,100,0,0.0
C15267,100,100,0,0.0
C15268,100,100,0,0.0
C15269,100,100,0,0.0
C15270,100,100,0,0.0
C15271,100,100,0,0.0
C15272,100,100,0,0.0
C15273,100,100,0,0.0
C15274,100,100,0,0.0
C15275,100,100,0,0.0
C15276,100,100,0,0.0
C15277,100,100,0,0.0
C15278,100,100,0,0.0
C15279,100,100,0,0.0
C15280,100,100,0,0.0
C15281,100,100,0,0.0
C15282,100,100,0,0.0
C15283,100,100,0,0.0
C15284,100,100,0,0.0
C15285,100,100,0,0.0
C15286,100,100,0,0.0
C15287,100,100,0,0.0
C15288,100,100,0,0.0
C15289,100,100,0,0.0
C15290,100,100,0,0.0
C15291,100,100,0,0.0
C15292,100,100,0,0.0
C15293,100,100,0,0.0
C15294,100,100,0,0.0
C15295,100,100,0,0.0
C15296,100,100,0,0.0
C15297,100,100,0,0.0
C15298,100,100,0,0.0
C15299,100,100,0,0.0
C15300,100,100,0,0.0
C15301,100,100,0,0.0
C15302,100,100,0,0.0
C15303,100,100,0,0.0
C15304,100,100,0,0.0
C15305,100,100,0,0.0
C15306,100,100,0,0.0
C15307,100,100,0,0.0
C15308,100,100,0,0.0
C15309,100,100,0,0.0
C15310,100,100,0,0.0
C15311,100,100,0,0.0
C15312,100,100,0,0.0
C15313,100,100,0,0.0
C15314,100,100,0,0.0
C15315,100,100,0,0.0
C15316,100,100,0,0.0
C15317,100,100,0,0.0
C15318,100,100,0,0.0
C15319,100,100,0,0.0
C15320,100,100,0,0.0
C15321,100,100,0,0.0
C15322,100,100,0,0.0
C15323,100,100,0,0.0
C15324,100,100,0,0.0
C15325,100,100,0,0.0
C15326,100,100,0,0.0
C15327,100,100,0,0.0
C15328,100,100,0,0.0
C15329,100,100,0,0.0
C15330,100,100,0,0.0
C15331,100,100,0,0.0
C15332,100,100,0,0.0
C15333,100,100,0,0.0
C15334,100,100,0,0.0
C15335,100,100,0,0.0
C15336,100,100,0,0.0
C15337,100,100,0,0.0
C15338,100,100,0,0.0
C15339,100,100,0,0.0
C15340,100,100,0,0.0
C15341,100,100,0,0.0
C15342,100,100,0,0.0
C15343,100,100,0,0.0
C15344,100,100,0,0.0
C15345,100,100,0,0.0
C15346,100,100,0,0.0
C15347,100,100,0,0.0
C15348,100,100,0,0.0
C15349,100,100,0,0.0
C15350,100,100,0,0.0
C15351,100,100,0,0.0
C15352,100,100,0,0.0
C15353,100,100,0,0.0
C15354,100,100,0,0.0
C15355,100,100,0,0.0
C15356,100,100,0,0.0
C15357,100,100,0,0.0
C15358,100,100,0,0.0
C15359,100,100,0,0.0
C15360,100,100,0,0.0
C15361,100,100,0,0.0
C15362,100,100,0,0.0
C15363,100,100,0,0.0
C15364,100,100,0,0.0
C15365,100,100,0,0.0
C15366,100,100,0,0.0
C15367,100,100,0,0.0
C15368,100,100,0,0.0
C15369,100,100,0,0.0
C15370,100,100,0,0.0
C15371,100,100,0,0.0
C15372,100,100,0,0.0
C15373,100,100,0,0.0
C15374,100,100,0,0.0
C15375,100,100,0,0.0
C15376,100,100,0,0.0
C15377,100,100,0,0.0
C15378,100,100,0,0.0
C15379,100,100,0,0.0
C15380,100,100,0,0.0
C15381,100,100,0,0.0
C15382,100,100,0,0.0
C15383,100,100,0,0.0
C15384,100,100,0,0.0
C15385,100,100,0,0.0
C15386,100,100,0,0.0
C15387,100,100,0,0.0
C15388,100,100,0,0.0
C15389,100,100,0,0.0
C15390,100,100,0,0.0
C15391,100,100,0,0.0
C15392,100,100,0,0.0
C15393,100,100,0,0.0
C15394,100,100,0,0.0
C15395,100,100,0,0.0
C15396,100,100,0,0.0
C15397,100,100,0,0.0
C15398,100,100,0,0.0
C15399,100,100,0,0.0
C15400,100,100,0,0.0
C15401,100,100,0,0.0
C15402,100,100,0,0.0
C15403,100,100,0,0.0
C15404,100,100,0,0.0
C15405,100,100,0,0.0
C15406,100,100,0,0.0
C15407,100,100,0,0.0
C15408,100,100,0,0.0
C15409,100,100,0,0.0
C15410,100,100,0,0.0
C15411,100,100,0,0.0
C15412,100,100,0,0.0
C15413,100,100,0,0.0
C15414,100,100,0,0.0
C15415,100,100,0,0.0
C15416,100,100,0,0.0
C15417,100,100,0,0.0
C15418,100,100,0,0.0
C15419,100,100,0,0.0
C15420,100,100,0,0.0
C15421,100,100,0,0.0
C15422,100,100,0,0.0
C15423,100,100,0,0.0
C15424,100,100,0,0.0
C15425,100,100,0,0.0
C15426,100,100,0,0.0
C15427,100,100,0,0.0
C15428,100,100,0,0.0
C15429,100,100,0,0.0
C15430,100,100,0,0.0
C15431,100,100,0,0.0
C15432,100,100,0,0.0
C15433,100,100,0,0.0
C15434,100,100,0,0.0
C15435,100,100,0,0.0
C15436,100,100,0,0.0
C15437,100,100,0,0.0
C15438,100,100,0,0.0
C15439,100,100,0,0.0
C15440,100,100,0,0.0
C15441,100,100,0,0.0
C15442,100,100,0,0.0
C15443,100,100,0,0.0
C15444,100,100,0,0.0
C15445,100,100,0,0.0
C15446,100,100,0,0.0
C15447,100,100,0,0.0
C15448,100,100,0,0.0
C15449,100,100,0,0.0
C15450,100,100,0,0.0
C15451,100,100,0,0.0
C15452,100,100,0,0.0
C15453,100,100,0,0.0
C15454,100,100,0,0.0
C15455,100,100,0,0.0
C15456,100,100,0,0.0
C15457,100,100,0,0.0
C15458,100,100,0,0.0
C15459,100,100,0,0.0
C15460,100,100,0,0.0
C15461,100,100,0,0.0
C15462,100,100,0,0.0
C15463,100,100,0,0.0
C15464,100,100,0,0.0
C15465,100,100,0,0.0
C15466,100,100,0,0.0
C15467,100,100,0,0.0
C15468,100,100,0,0.0
C15469,100,100,0,0.0
C15470,100,100,0,0.0
C15471,100,100,0,0.0
C15472,100,100,0,0.0
C15473,100,100,0,0.0
C15474,100,100,0,0.0
C15475,100,100,0,0.0
C15476,100,100,0,0.0
C15477,100,100,0,0.0
C15478,100,100,0,0.0
C15479,100,100,0,0.0
C15480,100,100,0,0.0
C15481,100,100,0,0.0
C15482,100,100,0,0.0
C15484,100,82,-18,0.18
C15485,100,65,-35,0.35
C15486,100,150,50,0.5
C15488,100,76,-24,0.24
C15489,100,141,41,0.41
C15492,100,92,-8,0.08
C15493,100,105,5,0.05
C15494,100,76,-24,0.24
C15495,100,124,24,0.24
C15496,100,134,34,0.34
C15497,100,96,-4,0.04
C15498,100,0,-100,1.0
C15499,100,100,0,0.0
C15500,100,100,0,0.0
C15501,100,100,0,0.0
C15502,100,100,0,0.0
C15503,100,48,-52,0.52
C15504,100,100,0,0.0
C15505,100,100,0,0.0
C15506,100,100,0,0.0
C15507,100,101,1,0.01
C15508,100,100,0,0.0
C15509,100,100,0,0.0
C15510,100,101,1,0.01
C15511,100,100,0,0.0
C15512,100,100,0,0.0
C15513,100,112,12,0.12
C15514,100,57,-43,0.43
C15515,100,100,0,0.0
C15516,100,101,1,0.01
C15517,100,101,1,0.01
C15518,100,89,-11,0.11
C15519,100,100,0,0.0
C15520,100,93,-7,0.07
C15521,100,99,-1,0.01
C15522,100,54,-46,0.46
C15523,100,99,-1,0.01
C15524,100,84,-16,0.16
C15525,100,0,-100,1.0
C15527,100,100,0,0.0
C15529,100,101,1,0.01
C15530,100,101,1,0.01
C15531,100,100,0,0.0
C15532,100,94,-6,0.06
C15533,100,120,20,0.2
C15534,100,86,-14,0.14
C15535,100,114,14,0.14
C15536,100,100,0,0.0
C15537,100,114,14,0.14
C15538,100,86,-14,0.14
C15540,100,103,3,0.03
C15541,100,0,-100,1.0
C15542,100,104,4,0.04
C15543,100,97,-3,0.03
C15544,100,102,2,0.02
C15545,100,108,8,0.08
C15546,100,102,2,0.02
C15547,100,123,23,0.23
C15549,100,99,-1,0.01
C15550,100,101,1,0.01
C15551,100,100,0,0.0
C15552,100,100,0,0.0
C15553,100,100,0,0.0
C15554,100,100,0,0.0
C15556,100,101,1,0.01
C15557,100,99,-1,0.01
C15558,100,102,2,0.02
C15559,100,102,2,0.02
C15560,100,61,-39,0.39
C15561,100,82,-18,0.18
C15562,100,118,18,0.18
C15563,100,88,-12,0.12
C15566,100,60,-40,0.4
C15567,100,48,-52,0.52
C15568,100,65,-35,0.35
C15569,100,135,35,0.35
C15570,100,100,0,0.0
C15573,100,100,0,0.0
C15574,100,100,0,0.0
C15575,100,98,-2,0.02
C15576,100,102,2,0.02
C15577,100,91,-9,0.09
C15578,100,109,9,0.09
C15579,100,114,14,0.14
C15580,100,102,2,0.02
C15581,100,100,0,0.0
C15582,100,100,0,0.0
C15587,100,197,97,0.97
C15589,100,51,-49,0.49
C15591,100,144,44,0.44
C15592,100,92,-8,0.08
C15593,100,108,8,0.08
C15594,100,91,-9,0.09
C15595,100,109,9,0.09
C15598,100,83,-17,0.17
C15599,100,100,0,0.0
C15604,100,100,0,0.0
C15605,100,101,1,0.01
C15606,100,124,24,0.24
C15607,100,98,-2,0.02
C15610,100,0,-100,1.0
C15612,100,100,0,0.0
C15613,100,41,-59,0.59
C15614,100,37,-63,0.63
C15615,100,100,0,0.0
C15616,100,100,0,0.0
C15617,100,100,0,0.0
C15618,100,100,0,0.0
C15619,100,100,0,0.0
C15620,100,100,0,0.0
C15622,100,100,0,0.0
C15623,100,100,0,0.0
C15625,100,100,0,0.0
C15626,100,100,0,0.0
C15627,100,100,0,0.0
C15628,100,100,0,0.0
C15629,100,100,0,0.0
C15631,100,100,0,0.0
C15632,100,100,0,0.0
C15633,100,100,0,0.0
C15634,100,100,0,0.0
C15635,100,100,0,0.0
C15636,100,100,0,0.0
C15637,100,100,0,0.0
C15638,100,100,0,0.0
C15641,100,100,0,0.0
C15642,100,100,0,0.0
C15643,100,100,0,0.0
C15644,100,100,0,0.0
C15645,100,113,13,0.13
C15646,100,112,12,0.12
C15647,100,102,2,0.02
C15648,100,100,0,0.0
C15649,100,100,0,0.0
C15650,100,91,-9,0.09
C15651,100,133,33,0.33
C15652,100,28,-72,0.72
C15653,100,122,22,0.22
C15654,100,100,0,0.0
C15655,100,100,0,0.0
C15656,100,101,1,0.01
C15657,100,100,0,0.0
C15658,100,112,12,0.12
C15661,100,100,0,0.0
C15662,100,100,0,0.0
C15663,100,100,0,0.0
C15664,100,100,0,0.0
C15665,100,100,0,0.0
C15666,100,92,-8,0.08
C15667,100,49,-51,0.51
C15668,100,111,11,0.11
C15669,100,100,0,0.0
C15670,100,153,53,0.53
C15672,100,48,-52,0.52
C15673,100,99,-1,0.01
C15674,100,100,0,0.0
C15675,100,100,0,0.0
C15676,100,100,0,0.0
C15677,100,100,0,0.0
C15678,100,100,0,0.0
C15679,100,100,0,0.0
C15680,100,100,0,0.0
C15681,100,100,0,0.0
C15682,100,146,46,0.46
C15683,100,54,-46,0.46
C15684,100,119,19,0.19
C15685,100,81,-19,0.19
C15686,100,100,0,0.0
C15687,100,100,0,0.0
C15688,100,100,0,0.0
C15689,100,100,0,0.0
C15690,100,100,0,0.0
C15691,100,100,0,0.0
C15692,100,100,0,0.0
C15693,100,100,0,0.0
C15694,100,100,0,0.0
C15695,100,100,0,0.0
C15696,100,100,0,0.0
C15697,100,100,0,0.0
C15698,100,100,0,0.0
C15699,100,105,5,0.05
C15700,100,88,-12,0.12
C15701,100,100,0,0.0
C15702,100,100,0,0.0
C15703,100,100,0,0.0
C15704,100,100,0,0.0
C15705,100,100,0,0.0
C15706,100,100,0,0.0
C15707,100,100,0,0.0
C15708,100,100,0,0.0
C15709,100,100,0,0.0
C15710,100,100,0,0.0
C15712,100,100,0,0.0
C15713,100,100,0,0.0
C15714,100,100,0,0.0
C15715,100,100,0,0.0
C15716,100,100,0,0.0
C15717,100,100,0,0.0
C15718,100,100,0,0.0
C15719,100,100,0,0.0
C15720,100,100,0,0.0
C15721,100,100,0,0.0
C15722,100,100,0,0.0
C15723,100,100,0,0.0
C15724,100,100,0,0.0
C15725,100,100,0,0.0
C15726,100,100,0,0.0
C15727,100,100,0,0.0
C15728,100,100,0,0.0
C15729,100,100,0,0.0
C15730,100,100,0,0.0
C15731,100,100,0,0.0
C15732,100,100,0,0.0
C15733,100,100,0,0.0
C15734,100,100,0,0.0
C15735,100,100,0,0.0
C15736,100,100,0,0.0
C15737,100,100,0,0.0
C15738,100,100,0,0.0
C15739,100,100,0,0.0
C15740,100,100,0,0.0
C15741,100,100,0,0.0
C15742,100,100,0,0.0
C15743,100,100,0,0.0
C15744,100,100,0,0.0
C15745,100,100,0,0.0
C15746,100,100,0,0.0
C15747,100,100,0,0.0
C15748,100,100,0,0.0
C15749,100,100,0,0.0
C15750,100,100,0,0.0
C15751,100,100,0,0.0
C15752,100,100,0,0.0
C15753,100,100,0,0.0
C15754,100,100,0,0.0
C15755,100,100,0,0.0
C15756,100,100,0,0.0
C15757,100,100,0,0.0
C15758,100,100,0,0.0
C15760,100,100,0,0.0
C15761,100,100,0,0.0
C15762,100,100,0,0.0
C15763,100,100,0,0.0
C15764,100,100,0,0.0
C15765,100,100,0,0.0
C15766,100,100,0,0.0
C15767,100,93,-7,0.07
C15769,100,99,-1,0.01
C15770,100,115,15,0.15
C15771,100,100,0,0.0
C15772,100,86,-14,0.14
C15774,100,100,0,0.0
C15775,100,100,0,0.0
C15776,100,92,-8,0.08
C15777,100,186,86,0.86
C15778,100,99,-1,0.01
C15780,100,66,-34,0.34
C15781,100,32,-68,0.68
C15782,100,158,58,0.58
C15783,100,47,-53,0.53
C15784,100,132,32,0.32
C15785,100,69,-31,0.31
C15786,100,93,-7,0.07
C15787,100,143,43,0.43
C15789,100,141,41,0.41
C15790,100,100,0,0.0
C15791,100,43,-57,0.57
C15792,100,115,15,0.15
C15793,100,142,42,0.42
C15794,100,0,-100,1.0
C15795,100,45,-55,0.55
C15796,100,99,-1,0.01
C15797,100,57,-43,0.43
C15798,100,155,55,0.55
C15799,100,60,-40,0.4
C15800,100,146,46,0.46
C15801,100,142,42,0.42
C15802,100,101,1,0.01
C15803,100,100,0,0.0
C15805,100,136,36,0.36
C15806,100,145,45,0.45
C15807,100,138,38,0.38
C15808,100,78,-22,0.22
C15809,100,36,-64,0.64
C15810,100,257,157,1.57
C15813,100,39,-61,0.61
C15814,100,0,-100,1.0
C15816,100,76,-24,0.24
C15817,100,100,0,0.0
C15818,100,100,0,0.0
C15819,100,100,0,0.0
C15820,100,100,0,0.0
C15821,100,100,0,0.0
C15822,100,100,0,0.0
C15823,100,100,0,0.0
C15824,100,100,0,0.0
C15825,100,100,0,0.0
C15826,100,100,0,0.0
C15827,100,100,0,0.0
C15828,100,100,0,0.0
C15829,100,100,0,0.0
C15830,100,100,0,0.0
C15831,100,100,0,0.0
C15834,100,100,0,0.0
C15835,100,100,0,0.0
C15838,100,100,0,0.0
C15839,100,100,0,0.0
C15840,100,100,0,0.0
C15841,100,100,0,0.0
C15842,100,100,0,0.0
C15844,100,100,0,0.0
C15845,100,100,0,0.0
C15846,100,100,0,0.0
C15847,100,100,0,0.0
C15849,100,100,0,0.0
C15850,100,115,15,0.15
C15851,100,100,0,0.0
C15852,100,100,0,0.0
C15853,100,63,-37,0.37
C15854,100,142,42,0.42
C15855,100,100,0,0.0
C15856,100,100,0,0.0
C15857,100,180,80,0.8
C15858,100,56,-44,0.44
C15859,100,19,-81,0.81
C15860,100,106,6,0.06
C15861,100,93,-7,0.07
C15862,100,100,0,0.0
C15863,100,100,0,0.0
C15864,100,149,49,0.49
C15865,100,100,0,0.0
C15866,100,100,0,0.0
C15867,100,59,-41,0.41
C15868,100,100,0,0.0
C15869,100,100,0,0.0
C15871,100,100,0,0.0
C15872,100,100,0,0.0
C15873,100,100,0,0.0
C15874,100,107,7,0.07
C15875,100,100,0,0.0
C15876,100,100,0,0.0
C15877,100,79,-21,0.21
C15878,100,69,-31,0.31
C15879,100,151,51,0.51
C15880,100,100,0,0.0
C15881,100,101,1,0.01
C15882,100,80,-20,0.2
C15883,100,54,-46,0.46
C15884,100,100,0,0.0
C15885,100,100,0,0.0
C15886,100,81,-19,0.19
C15887,100,117,17,0.17
C15888,100,103,3,0.03
C15889,100,100,0,0.0
C15890,100,100,0,0.0
C15891,100,100,0,0.0
C15892,100,57,-43,0.43
C15893,100,100,0,0.0
C15894,100,100,0,0.0
C15897,100,100,0,0.0
C15898,100,154,54,0.54
C15899,100,100,0,0.0
C15900,100,86,-14,0.14
C15901,100,100,0,0.0
C15902,100,114,14,0.14
C15903,100,87,-13,0.13
C15904,100,100,0,0.0
C15905,100,113,13,0.13
C15906,100,100,0,0.0
C15907,100,120,20,0.2
C15908,100,88,-12,0.12
C15910,100,116,16,0.16
C15911,100,62,-38,0.38
C15912,100,100,0,0.0
C15913,100,100,0,0.0
C15914,100,122,22,0.22
C15915,100,153,53,0.53
C15916,100,100,0,0.0
C15917,100,132,32,0.32
C15918,100,100,0,0.0
C15919,100,32,-68,0.68
C15920,100,100,0,0.0
C15921,100,100,0,0.0
C15922,100,100,0,0.0
C15923,100,100,0,0.0
C15924,100,100,0,0.0
C15925,100,61,-39,0.39
C15926,100,133,33,0.33
C15927,100,100,0,0.0
C15928,100,103,3,0.03
C15929,100,100,0,0.0
C15930,100,67,-33,0.33
C15931,100,100,0,0.0
C15932,100,187,87,0.87
C15933,100,72,-28,0.28
C15935,100,116,16,0.16
C15936,100,100,0,0.0
C15937,100,143,43,0.43
C15938,100,100,0,0.0
C15940,100,72,-28,0.28
C15941,100,142,42,0.42
C15942,100,101,1,0.01
C15943,100,104,4,0.04
C15944,100,100,0,0.0
C15945,100,100,0,0.0
C15946,100,100,0,0.0
C15947,100,100,0,0.0
C15948,100,100,0,0.0
C15949,100,100,0,0.0
C15952,100,100,0,0.0
C15954,100,100,0,0.0
C15955,100,100,0,0.0
C15956,100,100,0,0.0
C15957,100,100,0,0.0
C15958,100,100,0,0.0
C15959,100,100,0,0.0
C15960,100,100,0,0.0
C15961,100,100,0,0.0
C15962,100,100,0,0.0
C15963,100,100,0,0.0
C15964,100,100,0,0.0
C15965,100,100,0,0.0
C15966,100,101,1,0.01
C15967,100,100,0,0.0
C15968,100,101,1,0.01
C15969,100,100,0,0.0
C15970,100,94,-6,0.06
C15971,100,138,38,0.38
C15972,100,0,-100,1.0
C15973,100,0,-100,1.0
C15974,100,110,10,0.1
C15975,100,143,43,0.43
C15976,100,117,17,0.17
C15977,100,138,38,0.38
C15978,100,111,11,0.11
C15979,100,146,46,0.46
C15980,100,56,-44,0.44
C15981,100,100,0,0.0
C15982,100,101,1,0.01
C15983,100,158,58,0.58
C15984,100,143,43,0.43
C15986,100,38,-62,0.62
C15987,100,116,16,0.16
C15988,100,120,20,0.2
C15989,100,80,-20,0.2
C15990,100,114,14,0.14
C15992,100,87,-13,0.13
C15995,100,100,0,0.0
C15996,100,106,6,0.06
C15997,100,100,0,0.0
C15998,100,106,6,0.06
C15999,100,107,7,0.07
C16000,100,100,0,0.0
C16001,100,98,-2,0.02
C16002,100,102,2,0.02
C16003,100,100,0,0.0
C16005,100,100,0,0.0
C16006,100,100,0,0.0
C16007,100,100,0,0.0
C16008,100,100,0,0.0
C16009,100,100,0,0.0
C16010,100,100,0,0.0
C16011,100,95,-5,0.05
C16012,100,100,0,0.0
C16013,100,100,0,0.0
C16014,100,89,-11,0.11
C16015,100,111,11,0.11
C16016,100,100,0,0.0
C16017,100,100,0,0.0
C16018,100,100,0,0.0
C16019,100,100,0,0.0
C16020,100,100,0,0.0
C16021,100,100,0,0.0
C16022,100,100,0,0.0
C16023,100,100,0,0.0
C16024,100,100,0,0.0
C16025,100,100,0,0.0
C16027,100,100,0,0.0
C16028,100,100,0,0.0
C16029,100,100,0,0.0
C16030,100,100,0,0.0
C16031,100,100,0,0.0
C16032,100,100,0,0.0
C16033,100,100,0,0.0
C16034,100,100,0,0.0
C16035,100,100,0,0.0
C16037,100,100,0,0.0
C16038,100,100,0,0.0
C16039,100,100,0,0.0
C16040,100,100,0,0.0
C16041,100,100,0,0.0
C16042,100,100,0,0.0
C16043,100,100,0,0.0
C16044,100,100,0,0.0
C16045,100,100,0,0.0
C16046,100,100,0,0.0
C16047,100,100,0,0.0
C16048,100,100,0,0.0
C16049,100,100,0,0.0
C16050,100,100,0,0.0
C16052,100,100,0,0.0
C16053,100,100,0,0.0
C16054,100,100,0,0.0
C16055,100,100,0,0.0
C16056,100,100,0,0.0
C16057,100,100,0,0.0
C16058,100,100,0,0.0
C16059,100,100,0,0.0
C16060,100,100,0,0.0
C16061,100,100,0,0.0
C16062,100,100,0,0.0
C16063,100,100,0,0.0
C16064,100,100,0,0.0
C16065,100,100,0,0.0
C16066,100,100,0,0.0
C16067,100,100,0,0.0
C16068,100,100,0,0.0
C16069,100,151,51,0.51
C16070,100,140,40,0.4
C16071,100,107,7,0.07
C16072,100,100,0,0.0
C16074,100,127,27,0.27
C16075,100,105,5,0.05
C16076,100,100,0,0.0
C16077,100,100,0,0.0
C16078,100,100,0,0.0
C16079,100,100,0,0.0
C16080,100,100,0,0.0
C16081,100,100,0,0.0
C16082,100,100,0,0.0
C16084,100,100,0,0.0
C16085,100,100,0,0.0
C16086,100,100,0,0.0
C16087,100,100,0,0.0
C16088,100,100,0,0.0
C16089,100,100,0,0.0
C16090,100,100,0,0.0
C16091,100,100,0,0.0
C16092,100,100,0,0.0
C16093,100,100,0,0.0
C16094,100,100,0,0.0
C16095,100,100,0,0.0
C16096,100,100,0,0.0
C16097,100,100,0,0.0
C16098,100,100,0,0.0
C16099,100,100,0,0.0
C16100,100,100,0,0.0
C16101,100,100,0,0.0
C16102,100,100,0,0.0
C16103,100,100,0,0.0
C16104,100,100,0,0.0
C16105,100,100,0,0.0
C16106,100,100,0,0.0
C16107,100,100,0,0.0
C16108,100,100,0,0.0
C16109,100,100,0,0.0
C16110,100,100,0,0.0
C16111,100,100,0,0.0
C16112,100,100,0,0.0
C16113,100,100,0,0.0
C16114,100,100,0,0.0
C16115,100,100,0,0.0
C16117,100,100,0,0.0
C16118,100,100,0,0.0
C16119,100,100,0,0.0
C16120,100,100,0,0.0
C16121,100,100,0,0.0
C16122,100,100,0,0.0
C16123,100,100,0,0.0
C16124,100,100,0,0.0
C16125,100,100,0,0.0
C16126,100,100,0,0.0
C16127,100,100,0,0.0
C16128,100,100,0,0.0
C16129,100,100,0,0.0
C16130,100,100,0,0.0
C16131,100,100,0,0.0
C16132,100,100,0,0.0
C16133,100,100,0,0.0
C16134,100,100,0,0.0
C16135,100,100,0,0.0
C16136,100,100,0,0.0
C16137,100,100,0,0.0
C16138,100,96,-4,0.04
C16140,100,100,0,0.0
C16141,100,101,1,0.01
C16142,100,100,0,0.0
C16143,100,80,-20,0.2
C16144,100,139,39,0.39
C16145,100,103,3,0.03
C16146,100,49,-51,0.51
C16147,100,104,4,0.04
C16148,100,148,48,0.48
C16149,100,77,-23,0.23
C16150,100,93,-7,0.07
C16151,100,149,49,0.49
C16152,100,132,32,0.32
C16153,100,113,13,0.13
C16154,100,84,-16,0.16
C16155,100,66,-34,0.34
C16156,100,121,21,0.21
C16157,100,0,-100,1.0
C16158,100,100,0,0.0
C16159,100,59,-41,0.41
C16160,100,100,0,0.0
C16161,100,100,0,0.0
C16162,100,79,-21,0.21
C16163,100,101,1,0.01
C16165,100,81,-19,0.19
C16166,100,82,-18,0.18
C16167,100,100,0,0.0
C16168,100,100,0,0.0
C16169,100,70,-30,0.3
C16171,100,100,0,0.0
C16172,100,100,0,0.0
C16173,100,88,-12,0.12
C16174,100,100,0,0.0
C16175,100,100,0,0.0
C16176,100,100,0,0.0
C16178,100,100,0,0.0
C16179,100,86,-14,0.14
C16180,100,84,-16,0.16
C16181,100,99,-1,0.01
C16182,100,117,17,0.17
C16184,100,100,0,0.0
C16185,100,100,0,0.0
C16186,100,95,-5,0.05
C16187,100,111,11,0.11
C16188,100,105,5,0.05
C16189,100,140,40,0.4
C16190,100,46,-54,0.54
C16191,100,102,2,0.02
C16192,100,103,3,0.03
C16193,100,100,0,0.0
C16194,100,100,0,0.0
C16195,100,97,-3,0.03
C16197,100,103,3,0.03
C16198,100,94,-6,0.06
C16199,100,105,5,0.05
C16200,100,100,0,0.0
C16201,100,100,0,0.0
C16202,100,99,-1,0.01
C16203,100,91,-9,0.09
C16204,100,82,-18,0.18
C16205,100,47,-53,0.53
C16206,100,107,7,0.07
C16207,100,146,46,0.46
C16208,100,128,28,0.28
C16209,100,100,0,0.0
C16210,100,59,-41,0.41
C16211,100,136,36,0.36
C16212,100,64,-36,0.36
C16213,100,96,-4,0.04
C16214,100,61,-39,0.39
C16215,100,132,32,0.32
C16216,100,48,-52,0.52
C16217,100,112,12,0.12
C16218,100,98,-2,0.02
C16219,100,60,-40,0.4
C16220,100,116,16,0.16
C16221,100,81,-19,0.19
C16222,100,53,-47,0.47
C16223,100,105,5,0.05
C16224,100,51,-49,0.49
C16225,100,141,41,0.41
C16226,100,0,-100,1.0
C16227,100,98,-2,0.02
C16228,100,100,0,0.0
C16229,100,104,4,0.04
C16230,100,153,53,0.53
C16231,100,44,-56,0.56
C16232,100,101,1,0.01
C16233,100,57,-43,0.43
C16234,100,36,-64,0.64
C16235,100,69,-31,0.31
C16236,100,113,13,0.13
C16237,100,192,92,0.92
C16238,100,40,-60,0.6
C16239,100,66,-34,0.34
C16240,100,0,-100,1.0
C16241,100,91,-9,0.09
C16242,100,81,-19,0.19
C16243,100,119,19,0.19
C16244,100,99,-1,0.01
C16245,100,100,0,0.0
C16246,100,104,4,0.04
C16247,100,107,7,0.07
C16248,100,89,-11,0.11
C16249,100,109,9,0.09
C16250,100,100,0,0.0
C16251,100,147,47,0.47
C16252,100,55,-45,0.45
C16253,100,96,-4,0.04
C16254,100,131,31,0.31
C16255,100,129,29,0.29
C16256,100,92,-8,0.08
C16257,100,66,-34,0.34
C16258,100,100,0,0.0
C16259,100,100,0,0.0
C16260,100,96,-4,0.04
C16261,100,104,4,0.04
C16262,100,81,-19,0.19
C16263,100,119,19,0.19
C16264,100,90,-10,0.1
C16265,100,100,0,0.0
C16266,100,100,0,0.0
C16267,100,98,-2,0.02
C16268,100,50,-50,0.5
C16269,100,98,-2,0.02
C16270,100,84,-16,0.16
C16272,100,107,7,0.07
C16273,100,61,-39,0.39
C16274,100,89,-11,0.11
C16275,100,144,44,0.44
C16276,100,143,43,0.43
C16277,100,53,-47,0.47
C16278,100,149,49,0.49
C16279,100,87,-13,0.13
C16280,100,146,46,0.46
C16281,100,100,0,0.0
C16282,100,107,7,0.07
C16283,100,100,0,0.0
C16284,100,154,54,0.54
C16285,100,64,-36,0.36
C16286,100,121,21,0.21
C16287,100,100,0,0.0
C16288,100,102,2,0.02
C16289,100,102,2,0.02
C16290,100,102,2,0.02
C16291,100,153,53,0.53
C16292,100,100,0,0.0
C16293,100,145,45,0.45
C16294,100,56,-44,0.44
C16295,100,107,7,0.07
C16296,100,185,85,0.85
C16297,100,107,7,0.07
C16298,100,112,12,0.12
C16299,100,103,3,0.03
C16300,100,101,1,0.01
C16301,100,95,-5,0.05
C16302,100,147,47,0.47
C16303,100,54,-46,0.46
C16304,100,104,4,0.04
C16305,100,100,0,0.0
C16306,100,100,0,0.0
C16307,100,100,0,0.0
C16308,100,100,0,0.0
C16309,100,146,46,0.46
C16310,100,82,-18,0.18
C16311,100,84,-16,0.16
C16312,100,90,-10,0.1
C16313,100,116,16,0.16
C16314,100,63,-37,0.37
C16315,100,61,-39,0.39
C16316,100,100,0,0.0
C16317,100,111,11,0.11
C16318,100,100,0,0.0
C16319,100,132,32,0.32
C16320,100,134,34,0.34
C16321,100,0,-100,1.0
C16322,100,134,34,0.34
C16323,100,134,34,0.34
C16324,100,87,-13,0.13
C16325,100,145,45,0.45
C16326,100,100,0,0.0
C16327,100,95,-5,0.05
C16328,100,153,53,0.53
C16329,100,46,-54,0.54
C16330,100,126,26,0.26
C16331,100,78,-22,0.22
C16332,100,144,44,0.44
C16333,100,51,-49,0.49
C16334,100,117,17,0.17
C16335,100,84,-16,0.16
C16336,100,157,57,0.57
C16337,100,34,-66,0.66
C16338,100,129,29,0.29
C16339,100,77,-23,0.23
C16340,100,97,-3,0.03
C16341,100,100,0,0.0
C16342,100,100,0,0.0
C16343,100,100,0,0.0
C16344,100,100,0,0.0
C16345,100,100,0,0.0
C16346,100,100,0,0.0
C16347,100,140,40,0.4
C16348,100,100,0,0.0
C16349,100,109,9,0.09
C16350,100,110,10,0.1
C16351,100,107,7,0.07
C16352,100,72,-28,0.28
C16353,100,128,28,0.28
C16354,100,55,-45,0.45
C16355,100,100,0,0.0
C16356,100,142,42,0.42
C16357,100,100,0,0.0
C16358,100,127,27,0.27
C16359,100,100,0,0.0
C16360,100,100,0,0.0
C16361,100,115,15,0.15
C16362,100,91,-9,0.09
C16363,100,109,9,0.09
C16364,100,109,9,0.09
C16365,100,89,-11,0.11
C16366,100,144,44,0.44
C16367,100,113,13,0.13
C16368,100,110,10,0.1
C16369,100,113,13,0.13
C16370,100,107,7,0.07
C16371,100,125,25,0.25
C16372,100,135,35,0.35
C16373,100,105,5,0.05
C16374,100,151,51,0.51
C16375,100,44,-56,0.56
C16376,100,120,20,0.2
C16386,100,100,0,0.0
C16387,100,144,44,0.44
C16388,100,46,-54,0.54
C16389,100,122,22,0.22
C16390,100,98,-2,0.02
C16391,100,0,-100,1.0
C16392,100,17,-83,0.83
C16393,100,80,-20,0.2
C16394,100,114,14,0.14
C16395,100,7,-93,0.93
C16396,100,118,18,0.18
C16397,100,87,-13,0.13
C16398,100,92,-8,0.08
C16400,100,192,92,0.92
C16401,100,107,7,0.07
C16402,100,54,-46,0.46
C16404,100,60,-40,0.4
C16405,100,111,11,0.11
C16406,100,100,0,0.0
C16407,100,100,0,0.0
C16408,100,101,1,0.01
C16409,100,100,0,0.0
C16410,100,100,0,0.0
C16412,100,100,0,0.0
C16415,100,38,-62,0.62
C16416,100,105,5,0.05
C16417,100,100,0,0.0
C16418,100,156,56,0.56
C16419,100,153,53,0.53
C16420,100,109,9,0.09
C16421,100,100,0,0.0
C16422,100,94,-6,0.06
C16423,100,97,-3,0.03
C16424,100,82,-18,0.18
C16426,100,102,2,0.02
C16427,100,96,-4,0.04
C16428,100,89,-11,0.11
C16429,100,96,-4,0.04
C16430,100,54,-46,0.46
C16431,100,71,-29,0.29
C16432,100,100,0,0.0
C16433,100,100,0,0.0
C16434,100,100,0,0.0
C16435,100,100,0,0.0
C16436,100,100,0,0.0
C16438,100,100,0,0.0
C16439,100,100,0,0.0
C16440,100,100,0,0.0
C16441,100,127,27,0.27
C16442,100,100,0,0.0
C16443,100,100,0,0.0
C16444,100,100,0,0.0
C16445,100,134,34,0.34
C16446,100,100,0,0.0
C16447,100,128,28,0.28
C16448,100,100,0,0.0
C16449,100,98,-2,0.02
C16450,100,100,0,0.0
C16451,100,100,0,0.0
C16452,100,100,0,0.0
C16453,100,2,-98,0.98
C16454,100,100,0,0.0
C16455,100,100,0,0.0
C16456,100,100,0,0.0
C16457,100,100,0,0.0
C16458,100,100,0,0.0
C16459,100,100,0,0.0
C16460,100,100,0,0.0
C16461,100,68,-32,0.32
C16462,100,107,7,0.07
C16463,100,90,-10,0.1
C16464,100,90,-10,0.1
C16465,100,88,-12,0.12
C16466,100,97,-3,0.03
C16467,100,110,10,0.1
C16468,100,90,-10,0.1
C16469,100,104,4,0.04
C16470,100,140,40,0.4
C16471,100,62,-38,0.38
C16472,100,154,54,0.54
C16473,100,119,19,0.19
C16474,100,51,-49,0.49
C16475,100,63,-37,0.37
C16476,100,131,31,0.31
C16477,100,117,17,0.17
C16478,100,94,-6,0.06
C16479,100,93,-7,0.07
C16480,100,96,-4,0.04
C16481,100,53,-47,0.47
C16482,100,58,-42,0.42
C16483,100,92,-8,0.08
C16484,100,45,-55,0.55
C16485,100,100,0,0.0
C16486,100,137,37,0.37
C16487,100,182,82,0.82
C16488,100,44,-56,0.56
C16489,100,79,-21,0.21
C16490,100,102,2,0.02
C16491,100,142,42,0.42
C16492,100,76,-24,0.24
C16493,100,99,-1,0.01
C16494,100,82,-18,0.18
C16495,100,126,26,0.26
C16496,100,137,37,0.37
C16497,100,101,1,0.01
C16498,100,93,-7,0.07
C16499,100,145,45,0.45
C16500,100,143,43,0.43
C16501,100,146,46,0.46
C16502,100,101,1,0.01
C16503,100,100,0,0.0
C16504,100,98,-2,0.02
C16505,100,104,4,0.04
C16506,100,125,25,0.25
C16507,100,104,4,0.04
C16508,100,156,56,0.56
C16509,100,65,-35,0.35
C16510,100,100,0,0.0
C16511,100,100,0,0.0
C16512,100,100,0,0.0
C16513,100,118,18,0.18
C16514,100,100,0,0.0
C16515,100,100,0,0.0
C16516,100,108,8,0.08
C16517,100,98,-2,0.02
C16518,100,126,26,0.26
C16519,100,70,-30,0.3
C16520,100,45,-55,0.55
C16521,100,103,3,0.03
C16522,100,114,14,0.14
C16523,100,161,61,0.61
C16524,100,70,-30,0.3
C16525,100,114,14,0.14
C16526,100,116,16,0.16
C16527,100,120,20,0.2
C16528,100,86,-14,0.14
C16529,100,78,-22,0.22
C16530,100,83,-17,0.17
C16531,100,85,-15,0.15
C16532,100,89,-11,0.11
C16533,100,119,19,0.19
C16534,100,100,0,0.0
C16535,100,100,0,0.0
C16536,100,100,0,0.0
C16537,100,100,0,0.0
C16538,100,81,-19,0.19
C16540,100,21,-79,0.79
C16541,100,110,10,0.1
C16542,100,156,56,0.56
C16543,100,83,-17,0.17
C16544,100,100,0,0.0
C16545,100,100,0,0.0
C16546,100,108,8,0.08
C16547,100,154,54,0.54
C16548,100,145,45,0.45
C16549,100,100,0,0.0
C16550,100,194,94,0.94
C16551,100,143,43,0.43
C16552,100,132,32,0.32
C16553,100,11,-89,0.89
C16554,100,148,48,0.48
C16555,100,147,47,0.47
C16556,100,0,-100,1.0
C16557,100,136,36,0.36
C16558,100,156,56,0.56
C16559,100,150,50,0.5
C16560,100,53,-47,0.47
C16561,100,47,-53,0.53
C16562,100,99,-1,0.01
C16563,100,82,-18,0.18
C16564,100,121,21,0.21
C16565,100,107,7,0.07
C16566,100,117,17,0.17
C16567,100,60,-40,0.4
C16568,100,124,24,0.24
C16569,100,96,-4,0.04
C16570,100,133,33,0.33
C16571,100,140,40,0.4
C16572,100,184,84,0.84
C16573,100,100,0,0.0
C16574,100,100,0,0.0
C16575,100,100,0,0.0
C16576,100,100,0,0.0
C16577,100,103,3,0.03
C16578,100,101,1,0.01
C16579,100,105,5,0.05
C16581,100,103,3,0.03
C16582,100,100,0,0.0
C16583,100,11,-89,0.89
C16584,100,100,0,0.0
C16586,100,109,9,0.09
C16587,100,22,-78,0.78
C16588,100,100,0,0.0
C16589,100,65,-35,0.35
C16590,100,102,2,0.02
C16591,100,120,20,0.2
C16592,100,153,53,0.53
C16593,100,137,37,0.37
C16594,100,99,-1,0.01
C16595,100,123,23,0.23
C16596,100,95,-5,0.05
C16597,100,160,60,0.6
C16598,100,19,-81,0.81
C16600,100,144,44,0.44
C16601,100,55,-45,0.45
C16602,100,55,-45,0.45
C16603,100,142,42,0.42
C16604,100,105,5,0.05
C16605,100,136,36,0.36
C16606,100,154,54,0.54
C16607,100,147,47,0.47
C16608,100,93,-7,0.07
C16609,100,148,48,0.48
C16610,100,100,0,0.0
C16611,100,100,0,0.0
C16612,100,101,1,0.01
C16613,100,100,0,0.0
C16614,100,55,-45,0.45
C16615,100,147,47,0.47
C16616,100,105,5,0.05
C16617,100,83,-17,0.17
C16618,100,101,1,0.01
C16619,100,157,57,0.57
C16620,100,100,0,0.0
C16621,100,147,47,0.47
C16622,100,114,14,0.14
C16623,100,144,44,0.44
C16624,100,146,46,0.46
C16625,100,116,16,0.16
C16626,100,100,0,0.0
C16627,100,100,0,0.0
C16628,100,100,0,0.0
C16629,100,100,0,0.0
C16630,100,119,19,0.19
C16631,100,114,14,0.14
C16632,100,115,15,0.15
C16633,100,145,45,0.45
C16634,100,143,43,0.43
C16635,100,98,-2,0.02
C16637,100,139,39,0.39
C16638,100,84,-16,0.16
C16639,100,146,46,0.46
C16640,100,100,0,0.0
C16641,100,38,-62,0.62
C16643,100,103,3,0.03
C16644,100,101,1,0.01
C16645,100,81,-19,0.19
C16647,100,117,17,0.17
C16648,100,88,-12,0.12
C16649,100,45,-55,0.55
C16650,100,64,-36,0.36
C16651,100,94,-6,0.06
C16652,100,149,49,0.49
C16653,100,94,-6,0.06
C16654,100,131,31,0.31
C16655,100,112,12,0.12
C16656,100,144,44,0.44
C16657,100,143,43,0.43
C16658,100,136,36,0.36
C16659,100,92,-8,0.08
C16660,100,151,51,0.51
C16661,100,100,0,0.0
C16662,100,151,51,0.51
C16663,100,110,10,0.1
C16664,100,90,-10,0.1
C16665,100,100,0,0.0
C16666,100,110,10,0.1
C16667,100,148,48,0.48
C16669,100,120,20,0.2
C16671,100,95,-5,0.05
C16672,100,44,-56,0.56
C16674,100,106,6,0.06
C16675,100,46,-54,0.54
C16676,100,100,0,0.0
C16677,100,100,0,0.0
C16678,100,100,0,0.0
C16679,100,100,0,0.0
C16680,100,100,0,0.0
C16681,100,123,23,0.23
C16682,100,72,-28,0.28
C16683,100,100,0,0.0
C16684,100,110,10,0.1
C16687,100,109,9,0.09
C16688,100,89,-11,0.11
C16690,100,123,23,0.23
C16691,100,54,-46,0.46
C16692,100,100,0,0.0
C16693,100,200,100,1.0
C16694,100,100,0,0.0
C16695,100,70,-30,0.3
C16696,100,120,20,0.2
C16697,100,47,-53,0.53
C16698,100,120,20,0.2
C16699,100,100,0,0.0
C16700,100,92,-8,0.08
C16701,100,145,45,0.45
C16702,100,63,-37,0.37
C16703,100,61,-39,0.39
C16704,100,111,11,0.11
C16705,100,101,1,0.01
C16706,100,88,-12,0.12
C16707,100,66,-34,0.34
C16708,100,99,-1,0.01
C16709,100,54,-46,0.46
C16710,100,132,32,0.32
C16712,100,139,39,0.39
C16713,100,144,44,0.44
C16714,100,102,2,0.02
C16715,100,106,6,0.06
C16716,100,109,9,0.09
C16718,100,119,19,0.19
C16719,100,138,38,0.38
C16720,100,100,0,0.0
C16721,100,89,-11,0.11
C16723,100,109,9,0.09
C16724,100,82,-18,0.18
C16725,100,97,-3,0.03
C16726,100,91,-9,0.09
C16727,100,130,30,0.3
C16728,100,31,-69,0.69
C16729,100,59,-41,0.41
C16730,100,43,-57,0.57
C16731,100,142,42,0.42
C16732,100,100,0,0.0
C16733,100,86,-14,0.14
C16734,100,105,5,0.05
C16735,100,0,-100,1.0
C16737,100,65,-35,0.35
C16738,100,76,-24,0.24
C16741,100,98,-2,0.02
C16742,100,100,0,0.0
C16743,100,100,0,0.0
C16744,100,100,0,0.0
C16745,100,100,0,0.0
C16746,100,100,0,0.0
C16747,100,100,0,0.0
C16748,100,100,0,0.0
C16749,100,100,0,0.0
C16750,100,100,0,0.0
C16751,100,100,0,0.0
C16752,100,100,0,0.0
C16753,100,100,0,0.0
C16754,100,147,47,0.47
C16755,100,149,49,0.49
C16756,100,99,-1,0.01
C16757,100,100,0,0.0
C16758,100,100,0,0.0
C16759,100,100,0,0.0
C16760,100,100,0,0.0
C16761,100,100,0,0.0
C16762,100,100,0,0.0
C16763,100,100,0,0.0
C16764,100,100,0,0.0
C16765,100,100,0,0.0
C16766,100,100,0,0.0
C16767,100,100,0,0.0
C16768,100,100,0,0.0
C16769,100,100,0,0.0
C16770,100,100,0,0.0
C16771,100,100,0,0.0
C16772,100,100,0,0.0
C16773,100,100,0,0.0
C16774,100,100,0,0.0
C16775,100,61,-39,0.39
C16776,100,101,1,0.01
C16777,100,100,0,0.0
C16778,100,100,0,0.0
C16779,100,100,0,0.0
C16780,100,100,0,0.0
C16781,100,100,0,0.0
C16782,100,100,0,0.0
C16783,100,100,0,0.0
C16784,100,100,0,0.0
C16785,100,100,0,0.0
C16786,100,100,0,0.0
C16787,100,100,0,0.0
C16788,100,100,0,0.0
C16789,100,100,0,0.0
C16790,100,100,0,0.0
C16791,100,100,0,0.0
C16792,100,100,0,0.0
C16793,100,100,0,0.0
C16794,100,100,0,0.0
C16795,100,100,0,0.0
C16796,100,100,0,0.0
C16797,100,100,0,0.0
C16798,100,100,0,0.0
C16799,100,100,0,0.0
C16800,100,100,0,0.0
C16801,100,100,0,0.0
C16802,100,100,0,0.0
C16803,100,100,0,0.0
C16805,100,100,0,0.0
C16806,100,100,0,0.0
C16807,100,100,0,0.0
C16808,100,100,0,0.0
C16809,100,100,0,0.0
C16810,100,100,0,0.0
C16811,100,100,0,0.0
C16812,100,100,0,0.0
C16813,100,100,0,0.0
C16814,100,100,0,0.0
C16815,100,100,0,0.0
C16816,100,100,0,0.0
C16817,100,100,0,0.0
C16818,100,114,14,0.14
C16819,100,100,0,0.0
C16820,100,100,0,0.0
C16821,100,100,0,0.0
C16822,100,100,0,0.0
C16823,100,100,0,0.0
C16825,100,111,11,0.11
C16826,100,56,-44,0.44
C16827,100,66,-34,0.34
C16828,100,100,0,0.0
C16829,100,102,2,0.02
C16831,100,100,0,0.0
C16832,100,95,-5,0.05
C16833,100,39,-61,0.61
C16834,100,116,16,0.16
C16835,100,100,0,0.0
C16836,100,106,6,0.06
C16838,100,100,0,0.0
C16839,100,100,0,0.0
C16840,100,100,0,0.0
C16841,100,100,0,0.0
C16842,100,100,0,0.0
C16844,100,100,0,0.0
C16845,100,100,0,0.0
C16846,100,37,-63,0.63
C16847,100,100,0,0.0
C16848,100,72,-28,0.28
C16849,100,128,28,0.28
C16850,100,124,24,0.24
C16852,100,100,0,0.0
C16855,100,100,0,0.0
C16856,100,100,0,0.0
C16857,100,100,0,0.0
C16858,100,100,0,0.0
C16859,100,100,0,0.0
C16860,100,100,0,0.0
C16862,100,100,0,0.0
C16865,100,100,0,0.0
C16868,100,100,0,0.0
C16870,100,100,0,0.0
C16873,100,100,0,0.0
C16874,100,100,0,0.0
C16875,100,100,0,0.0
C16880,100,100,0,0.0
C16883,100,100,0,0.0
C16884,100,71,-29,0.29
C16885,100,100,0,0.0
C16886,100,100,0,0.0
C16888,100,100,0,0.0
C16890,100,100,0,0.0
C16891,100,100,0,0.0
C16893,100,100,0,0.0
C16894,100,100,0,0.0
C16895,100,100,0,0.0
C16896,100,100,0,0.0
C16903,100,100,0,0.0
C16906,100,100,0,0.0
C16907,100,100,0,0.0
C16908,100,100,0,0.0
C16909,100,100,0,0.0
C16910,100,100,0,0.0
C16911,100,105,5,0.05
C16912,100,100,0,0.0
C16913,100,100,0,0.0
C16914,100,100,0,0.0
C16915,100,100,0,0.0
C16916,100,100,0,0.0
C16918,100,100,0,0.0
C16919,100,100,0,0.0
C16920,100,100,0,0.0
C16921,100,100,0,0.0
C16922,100,100,0,0.0
C16923,100,100,0,0.0
C16924,100,100,0,0.0
C16925,100,100,0,0.0
C16926,100,100,0,0.0
C16927,100,100,0,0.0
C16928,100,100,0,0.0
C16929,100,100,0,0.0
C16930,100,142,42,0.42
C16931,100,100,0,0.0
C16932,100,100,0,0.0
C16933,100,104,4,0.04
C16937,100,100,0,0.0
C16938,100,100,0,0.0
C16939,100,100,0,0.0
C16940,100,100,0,0.0
C16941,100,100,0,0.0
C16942,100,100,0,0.0
C16943,100,100,0,0.0
C16945,100,100,0,0.0
C16946,100,100,0,0.0
C16947,100,100,0,0.0
C16949,100,100,0,0.0
C16950,100,100,0,0.0
C16951,100,100,0,0.0
C16952,100,100,0,0.0
C16953,100,100,0,0.0
C16972,100,100,0,0.0
C16954,100,100,0,0.0
C16955,100,100,0,0.0
C16956,100,100,0,0.0
C16957,100,100,0,0.0
C16958,100,100,0,0.0
C16959,100,100,0,0.0
C16960,100,100,0,0.0
C16962,100,100,0,0.0
C16963,100,100,0,0.0
C16964,100,100,0,0.0
C16965,100,100,0,0.0
C16966,100,100,0,0.0
C16967,100,100,0,0.0
C16968,100,100,0,0.0
C16969,100,100,0,0.0
C16970,100,100,0,0.0
C16971,100,100,0,0.0
C16973,100,100,0,0.0
C16974,100,100,0,0.0
C16975,100,100,0,0.0
C16977,100,100,0,0.0
C16978,100,100,0,0.0
C16979,100,100,0,0.0
C16980,100,100,0,0.0
C16981,100,100,0,0.0
C16982,100,100,0,0.0
C16983,100,100,0,0.0
C16984,100,100,0,0.0
C16985,100,100,0,0.0
C16986,100,100,0,0.0
C16987,100,100,0,0.0
C16988,100,100,0,0.0
C16989,100,100,0,0.0
C16990,100,100,0,0.0
C16991,100,100,0,0.0
C16993,100,100,0,0.0
C16994,100,100,0,0.0
C16995,100,100,0,0.0
C16996,100,100,0,0.0
C16997,100,100,0,0.0
C16998,100,100,0,0.0
C16999,100,84,-16,0.16
C17000,100,100,0,0.0
C17002,100,100,0,0.0
C17003,100,100,0,0.0
C17005,100,100,0,0.0
C17007,100,100,0,0.0
C17008,100,100,0,0.0
C17009,100,100,0,0.0
C17010,100,132,32,0.32
C17011,100,100,0,0.0
C17012,100,100,0,0.0
C17013,100,100,0,0.0
C17016,100,100,0,0.0
C17017,100,56,-44,0.44
C17018,100,92,-8,0.08
C17019,100,100,0,0.0
C17020,100,100,0,0.0
C17021,100,100,0,0.0
C17022,100,49,-51,0.51
C17023,100,100,0,0.0
C17024,100,100,0,0.0
C17025,100,100,0,0.0
C17027,100,104,4,0.04
C17029,100,100,0,0.0
C17030,100,100,0,0.0
C17031,100,100,0,0.0
C17032,100,100,0,0.0
C17033,100,100,0,0.0
C17034,100,100,0,0.0
C17035,100,100,0,0.0
C17036,100,100,0,0.0
C17038,100,100,0,0.0
C17039,100,100,0,0.0
C17040,100,100,0,0.0
C17041,100,100,0,0.0
C17042,100,100,0,0.0
C17043,100,100,0,0.0
C17044,100,100,0,0.0
C17045,100,100,0,0.0
C17046,100,100,0,0.0
C17047,100,100,0,0.0
C17048,100,100,0,0.0
C17049,100,100,0,0.0
C17050,100,100,0,0.0
C17051,100,100,0,0.0
C17052,100,100,0,0.0
C17053,100,100,0,0.0
C17054,100,100,0,0.0
C17055,100,104,4,0.04
C17056,100,100,0,0.0
C17057,100,100,0,0.0
C17058,100,100,0,0.0
C17059,100,100,0,0.0
C17060,100,100,0,0.0
C17061,100,100,0,0.0
C17062,100,146,46,0.46
C17063,100,100,0,0.0
C17064,100,100,0,0.0
C17065,100,100,0,0.0
C17066,100,100,0,0.0
C17067,100,100,0,0.0
C17068,100,100,0,0.0
C17069,100,100,0,0.0
C17070,100,100,0,0.0
C17071,100,100,0,0.0
C17072,100,100,0,0.0
C17073,100,100,0,0.0
C17074,100,100,0,0.0
C17075,100,100,0,0.0
C17076,100,100,0,0.0
C17077,100,100,0,0.0
C17079,100,100,0,0.0
C17080,100,100,0,0.0
C17083,100,100,0,0.0
C17084,100,100,0,0.0
C17085,100,100,0,0.0
C17086,100,100,0,0.0
C17087,100,100,0,0.0
C17088,100,100,0,0.0
C17089,100,100,0,0.0
C17090,100,100,0,0.0
C17092,100,100,0,0.0
C17093,100,100,0,0.0
C17094,100,100,0,0.0
C17097,100,100,0,0.0
C17098,100,100,0,0.0
C17099,100,100,0,0.0
C17100,100,100,0,0.0
C17101,100,100,0,0.0
C17102,100,100,0,0.0
C17103,100,100,0,0.0
C17104,100,100,0,0.0
C17105,100,100,0,0.0
C17106,100,100,0,0.0
C17107,100,100,0,0.0
C17108,100,100,0,0.0
C17109,100,100,0,0.0
C17110,100,100,0,0.0
C17111,100,100,0,0.0
C17112,100,100,0,0.0
C17113,100,100,0,0.0
C17114,100,100,0,0.0
C17120,100,100,0,0.0
C17123,100,100,0,0.0
C17124,100,100,0,0.0
C17125,100,100,0,0.0
C17126,100,100,0,0.0
C17135,100,100,0,0.0
C17136,100,100,0,0.0
C17139,100,138,38,0.38
C17140,100,100,0,0.0
C17144,100,100,0,0.0
C17145,100,100,0,0.0
C17146,100,100,0,0.0
C17147,100,100,0,0.0
C17148,100,99,-1,0.01
C17156,100,100,0,0.0
C17158,100,100,0,0.0
C17159,100,100,0,0.0
C17160,100,100,0,0.0
C17161,100,100,0,0.0
C17162,100,100,0,0.0
C17163,100,100,0,0.0
C17166,100,100,0,0.0
C17167,100,100,0,0.0
C17168,100,100,0,0.0
C17169,100,100,0,0.0
C17202,100,100,0,0.0
C17203,100,63,-37,0.37
C17204,100,52,-48,0.48
C17205,100,88,-12,0.12
C17206,100,101,1,0.01
C17207,100,128,28,0.28
C17209,100,132,32,0.32
C17210,100,60,-40,0.4
C17211,100,55,-45,0.45
C17212,100,140,40,0.4
C17213,100,150,50,0.5
C17214,100,53,-47,0.47
C17215,100,138,38,0.38
C17216,100,50,-50,0.5
C17217,100,156,56,0.56
C17218,100,53,-47,0.47
C17219,100,146,46,0.46
C17220,100,57,-43,0.43
C17221,100,138,38,0.38
C17222,100,66,-34,0.34
C17223,100,132,32,0.32
C17224,100,63,-37,0.37
C17225,100,146,46,0.46
C17226,100,58,-42,0.42
C17227,100,135,35,0.35
C17228,100,70,-30,0.3
C17229,100,137,37,0.37
C17230,100,58,-42,0.42
C17231,100,136,36,0.36
C17232,100,67,-33,0.33
C17233,100,142,42,0.42
C17234,100,159,59,0.59
C17235,100,167,67,0.67
C17236,100,101,1,0.01
C17237,100,86,-14,0.14
C17238,100,76,-24,0.24
C17239,100,124,24,0.24
C17240,100,100,0,0.0
C17241,100,100,0,0.0
C17242,100,84,-16,0.16
C17243,100,114,14,0.14
C17244,100,99,-1,0.01
C17245,100,100,0,0.0
C17246,100,100,0,0.0
C17248,100,98,-2,0.02
C17249,100,100,0,0.0
C17250,100,100,0,0.0
C17251,100,100,0,0.0
C17252,100,103,3,0.03
C17253,100,100,0,0.0
C17254,100,101,1,0.01
C17255,100,100,0,0.0
C17256,100,100,0,0.0
C17257,100,100,0,0.0
C17258,100,100,0,0.0
C17259,100,95,-5,0.05
C17260,100,105,5,0.05
C17261,100,120,20,0.2
C17262,100,80,-20,0.2
C17263,100,57,-43,0.43
C17264,100,97,-3,0.03
C17265,100,103,3,0.03
C17266,100,178,78,0.78
C17267,100,107,7,0.07
C17268,100,90,-10,0.1
C17271,100,100,0,0.0
C17272,100,100,0,0.0
C17273,100,100,0,0.0
C17274,100,100,0,0.0
C17275,100,100,0,0.0
C17277,100,103,3,0.03
C17302,100,100,0,0.0
C17303,100,100,0,0.0
C17309,100,100,0,0.0
C17322,100,70,-30,0.3
C17323,100,136,36,0.36
C17324,100,30,-70,0.7
C17325,100,87,-13,0.13
C17326,100,51,-49,0.49
C17327,100,200,100,1.0
C17328,100,105,5,0.05
C17331,100,111,11,0.11
C17332,100,107,7,0.07
C17333,100,100,0,0.0
C17335,100,88,-12,0.12
C17336,100,110,10,0.1
C17339,100,77,-23,0.23
C17343,100,149,49,0.49
C17345,100,48,-52,0.52
C17346,100,148,48,0.48
C17350,100,100,0,0.0
C17351,100,151,51,0.51
C17352,100,49,-51,0.51
C17353,100,100,0,0.0
C17354,100,100,0,0.0
C17355,100,61,-39,0.39
C17356,100,100,0,0.0
C17357,100,100,0,0.0
C17358,100,100,0,0.0
C17359,100,100,0,0.0
C17360,100,100,0,0.0
C17361,100,100,0,0.0
C17362,100,100,0,0.0
C17363,100,100,0,0.0
C17364,100,100,0,0.0
C17365,100,100,0,0.0
C17366,100,99,-1,0.01
C17367,100,103,3,0.03
C17368,100,98,-2,0.02
C17369,100,138,38,0.38
C17370,100,100,0,0.0
C17371,100,100,0,0.0
C17372,100,100,0,0.0
C17373,100,137,37,0.37
C17374,100,60,-40,0.4
C17375,100,100,0,0.0
C17376,100,100,0,0.0
C17377,100,109,9,0.09
C17379,100,100,0,0.0
C17380,100,100,0,0.0
C17381,100,100,0,0.0
C17382,100,100,0,0.0
C17383,100,100,0,0.0
C19215,100,100,0,0.0
C17384,100,100,0,0.0
C17385,100,100,0,0.0
C17386,100,100,0,0.0
C17387,100,100,0,0.0
C17388,100,100,0,0.0
C17389,100,100,0,0.0
C17390,100,100,0,0.0
C17391,100,100,0,0.0
C17392,100,100,0,0.0
C17393,100,100,0,0.0
C17394,100,100,0,0.0
C17395,100,100,0,0.0
C17396,100,100,0,0.0
C17397,100,100,0,0.0
C17398,100,100,0,0.0
C17399,100,117,17,0.17
C17400,100,100,0,0.0
C17401,100,46,-54,0.54
C17402,100,100,0,0.0
C17403,100,100,0,0.0
C17404,100,100,0,0.0
C17405,100,100,0,0.0
C17409,100,100,0,0.0
C17410,100,100,0,0.0
C17411,100,100,0,0.0
C17412,100,157,57,0.57
C17413,100,100,0,0.0
C17414,100,100,0,0.0
C17415,100,100,0,0.0
C17416,100,100,0,0.0
C17417,100,100,0,0.0
C17418,100,100,0,0.0
C17419,100,100,0,0.0
C17420,100,100,0,0.0
C17421,100,100,0,0.0
C17422,100,100,0,0.0
C17423,100,100,0,0.0
C17424,100,100,0,0.0
C17425,100,100,0,0.0
C17426,100,100,0,0.0
C17427,100,100,0,0.0
C17428,100,100,0,0.0
C17429,100,100,0,0.0
C17430,100,100,0,0.0
C17431,100,100,0,0.0
C17432,100,110,10,0.1
C17433,100,100,0,0.0
C17434,100,104,4,0.04
C17435,100,98,-2,0.02
C17436,100,101,1,0.01
C17437,100,99,-1,0.01
C17438,100,99,-1,0.01
C17439,100,65,-35,0.35
C17440,100,90,-10,0.1
C17441,100,100,0,0.0
C17442,100,100,0,0.0
C17443,100,100,0,0.0
C17444,100,100,0,0.0
C17445,100,100,0,0.0
C17447,100,100,0,0.0
C17450,100,100,0,0.0
C17451,100,100,0,0.0
C17452,100,100,0,0.0
C17453,100,100,0,0.0
C17454,100,100,0,0.0
C17455,100,100,0,0.0
C17456,100,100,0,0.0
C17457,100,100,0,0.0
C17458,100,100,0,0.0
C17459,100,100,0,0.0
C17460,100,100,0,0.0
C17461,100,100,0,0.0
C17462,100,100,0,0.0
C17463,100,100,0,0.0
C17464,100,100,0,0.0
C17465,100,100,0,0.0
C17466,100,100,0,0.0
C17467,100,96,-4,0.04
C17468,100,100,0,0.0
C17469,100,100,0,0.0
C17470,100,100,0,0.0
C17471,100,100,0,0.0
C17472,100,100,0,0.0
C17473,100,100,0,0.0
C17474,100,100,0,0.0
C17475,100,100,0,0.0
C17476,100,100,0,0.0
C17477,100,100,0,0.0
C17478,100,100,0,0.0
C17479,100,100,0,0.0
C17480,100,100,0,0.0
C17482,100,100,0,0.0
C17483,100,100,0,0.0
C17484,100,100,0,0.0
C17486,100,100,0,0.0
C17487,100,100,0,0.0
C17488,100,100,0,0.0
C17489,100,100,0,0.0
C17490,100,100,0,0.0
C17491,100,100,0,0.0
C17492,100,100,0,0.0
C17493,100,100,0,0.0
C17494,100,100,0,0.0
C17495,100,100,0,0.0
C17496,100,100,0,0.0
C17497,100,100,0,0.0
C17498,100,100,0,0.0
C17499,100,100,0,0.0
C17500,100,74,-26,0.26
C17501,100,100,0,0.0
C17502,100,100,0,0.0
C17503,100,100,0,0.0
C17504,100,100,0,0.0
C17505,100,100,0,0.0
C17506,100,100,0,0.0
C17507,100,100,0,0.0
C17508,100,100,0,0.0
C17509,100,44,-56,0.56
C17510,100,156,56,0.56
C17512,100,100,0,0.0
C17513,100,102,2,0.02
C17514,100,100,0,0.0
C17515,100,100,0,0.0
C17516,100,100,0,0.0
C17517,100,100,0,0.0
C17518,100,100,0,0.0
C17519,100,100,0,0.0
C17520,100,100,0,0.0
C17521,100,100,0,0.0
C17522,100,100,0,0.0
C17523,100,100,0,0.0
C17524,100,100,0,0.0
C17525,100,100,0,0.0
C17527,100,100,0,0.0
C17528,100,100,0,0.0
C17529,100,100,0,0.0
C17530,100,82,-18,0.18
C17531,100,100,0,0.0
C17532,100,100,0,0.0
C17533,100,100,0,0.0
C17534,100,100,0,0.0
C17535,100,100,0,0.0
C17536,100,100,0,0.0
C17537,100,100,0,0.0
C17538,100,100,0,0.0
C17539,100,100,0,0.0
C17540,100,100,0,0.0
C17541,100,96,-4,0.04
C17542,100,102,2,0.02
C17543,100,100,0,0.0
C17544,100,100,0,0.0
C17545,100,100,0,0.0
C17546,100,100,0,0.0
C17547,100,100,0,0.0
C17548,100,100,0,0.0
C17549,100,124,24,0.24
C17550,100,112,12,0.12
C17551,100,99,-1,0.01
C17552,100,154,54,0.54
C17553,100,100,0,0.0
C17554,100,101,1,0.01
C17555,100,100,0,0.0
C17556,100,81,-19,0.19
C17558,100,98,-2,0.02
C17559,100,47,-53,0.53
C17560,100,100,0,0.0
C17561,100,100,0,0.0
C17562,100,99,-1,0.01
C17563,100,100,0,0.0
C17564,100,100,0,0.0
C17565,100,100,0,0.0
C17566,100,100,0,0.0
C17567,100,100,0,0.0
C17568,100,100,0,0.0
C17569,100,100,0,0.0
C17570,100,136,36,0.36
C17571,100,100,0,0.0
C17572,100,100,0,0.0
C17573,100,100,0,0.0
C17574,100,100,0,0.0
C17575,100,100,0,0.0
C17576,100,100,0,0.0
C17577,100,100,0,0.0
C17578,100,100,0,0.0
C17579,100,100,0,0.0
C17580,100,91,-9,0.09
C17581,100,108,8,0.08
C17582,100,81,-19,0.19
C17583,100,117,17,0.17
C17584,100,147,47,0.47
C17585,100,140,40,0.4
C17586,100,109,9,0.09
C17587,100,86,-14,0.14
C17588,100,114,14,0.14
C17589,100,116,16,0.16
C17590,100,100,0,0.0
C17591,100,101,1,0.01
C17592,100,101,1,0.01
C17593,100,100,0,0.0
C17594,100,100,0,0.0
C17595,100,100,0,0.0
C17596,100,100,0,0.0
C17597,100,100,0,0.0
C17598,100,100,0,0.0
C17599,100,100,0,0.0
C17600,100,100,0,0.0
C17601,100,100,0,0.0
C17602,100,100,0,0.0
C17603,100,100,0,0.0
C17604,100,100,0,0.0
C17605,100,100,0,0.0
C17606,100,100,0,0.0
C17607,100,100,0,0.0
C17608,100,100,0,0.0
C17609,100,100,0,0.0
C17610,100,100,0,0.0
C17611,100,100,0,0.0
C17612,100,100,0,0.0
C17614,100,100,0,0.0
C17615,100,100,0,0.0
C17616,100,100,0,0.0
C17617,100,100,0,0.0
C17618,100,100,0,0.0
C17619,100,100,0,0.0
C17620,100,100,0,0.0
C17621,100,59,-41,0.41
C17622,100,10,-90,0.9
C17623,100,100,0,0.0
C17624,100,100,0,0.0
C17625,100,100,0,0.0
C17626,100,100,0,0.0
C17629,100,100,0,0.0
C17631,100,100,0,0.0
C17632,100,100,0,0.0
C17633,100,100,0,0.0
C17634,100,100,0,0.0
C17635,100,100,0,0.0
C17636,100,100,0,0.0
C17637,100,100,0,0.0
C17638,100,100,0,0.0
C17639,100,100,0,0.0
C17640,100,100,0,0.0
C17641,100,100,0,0.0
C17642,100,100,0,0.0
C17643,100,100,0,0.0
C17644,100,100,0,0.0
C17645,100,100,0,0.0
C17646,100,100,0,0.0
C17647,100,100,0,0.0
C17648,100,100,0,0.0
C17649,100,100,0,0.0
C17650,100,100,0,0.0
C17651,100,100,0,0.0
C17652,100,100,0,0.0
C17653,100,100,0,0.0
C17654,100,100,0,0.0
C17655,100,100,0,0.0
C17656,100,100,0,0.0
C17657,100,100,0,0.0
C17658,100,71,-29,0.29
C17659,100,100,0,0.0
C17660,100,100,0,0.0
C17661,100,100,0,0.0
C17662,100,100,0,0.0
C17663,100,100,0,0.0
C17664,100,100,0,0.0
C17665,100,100,0,0.0
C17666,100,100,0,0.0
C17667,100,100,0,0.0
C17668,100,100,0,0.0
C17669,100,100,0,0.0
C17670,100,100,0,0.0
C17671,100,100,0,0.0
C17672,100,100,0,0.0
C17673,100,100,0,0.0
C17674,100,100,0,0.0
C17675,100,100,0,0.0
C17676,100,100,0,0.0
C17678,100,100,0,0.0
C17679,100,100,0,0.0
C17680,100,100,0,0.0
C17682,100,100,0,0.0
C17683,100,100,0,0.0
C17684,100,100,0,0.0
C17685,100,100,0,0.0
C17686,100,100,0,0.0
C17687,100,100,0,0.0
C17688,100,100,0,0.0
C17689,100,100,0,0.0
C17690,100,100,0,0.0
C17701,100,111,11,0.11
C17702,100,99,-1,0.01
C17703,100,99,-1,0.01
C17704,100,100,0,0.0
C17705,100,68,-32,0.32
C17706,100,100,0,0.0
C17707,100,100,0,0.0
C17708,100,100,0,0.0
C17709,100,100,0,0.0
C17710,100,100,0,0.0
C17711,100,100,0,0.0
C17712,100,0,-100,1.0
C17713,100,100,0,0.0
C17714,100,100,0,0.0
C17715,100,100,0,0.0
C17716,100,100,0,0.0
C17717,100,100,0,0.0
C17718,100,100,0,0.0
C17719,100,100,0,0.0
C17720,100,100,0,0.0
C17721,100,100,0,0.0
C17722,100,100,0,0.0
C17723,100,100,0,0.0
C17724,100,100,0,0.0
C17725,100,100,0,0.0
C17726,100,100,0,0.0
C17727,100,100,0,0.0
C17728,100,100,0,0.0
C17729,100,100,0,0.0
C17730,100,100,0,0.0
C17731,100,100,0,0.0
C17732,100,100,0,0.0
C17733,100,62,-38,0.38
C17734,100,100,0,0.0
C17735,100,138,38,0.38
C17737,100,100,0,0.0
C17740,100,87,-13,0.13
C17741,100,88,-12,0.12
C17742,100,111,11,0.11
C17743,100,61,-39,0.39
C17744,100,9,-91,0.91
C17745,100,105,5,0.05
C17746,100,61,-39,0.39
C17747,100,95,-5,0.05
C17748,100,191,91,0.91
C17749,100,100,0,0.0
C17750,100,100,0,0.0
C17751,100,64,-36,0.36
C17752,100,75,-25,0.25
C17753,100,53,-47,0.47
C17754,100,121,21,0.21
C17755,100,59,-41,0.41
C17756,100,124,24,0.24
C17757,100,117,17,0.17
C17759,100,1,-99,0.99
C17764,100,100,0,0.0
C17765,100,100,0,0.0
C17767,100,100,0,0.0
C17768,100,100,0,0.0
C17770,100,100,0,0.0
C17771,100,100,0,0.0
C17772,100,100,0,0.0
C17773,100,100,0,0.0
C17775,100,100,0,0.0
C17776,100,100,0,0.0
C17777,100,100,0,0.0
C17778,100,100,0,0.0
C17779,100,100,0,0.0
C17780,100,100,0,0.0
C17781,100,100,0,0.0
C17782,100,100,0,0.0
C17783,100,100,0,0.0
C17784,100,100,0,0.0
C17785,100,100,0,0.0
C17786,100,100,0,0.0
C17787,100,100,0,0.0
C17788,100,100,0,0.0
C17789,100,100,0,0.0
C17790,100,100,0,0.0
C17795,100,100,0,0.0
C17796,100,100,0,0.0
C17797,100,100,0,0.0
C17798,100,100,0,0.0
C17803,100,100,0,0.0
C17804,100,100,0,0.0
C17808,100,100,0,0.0
C17809,100,100,0,0.0
C17810,100,100,0,0.0
C17811,100,100,0,0.0
C17812,100,100,0,0.0
C17813,100,100,0,0.0
C17814,100,100,0,0.0
C17821,100,100,0,0.0
C17822,100,100,0,0.0
C17823,100,100,0,0.0
C17824,100,100,0,0.0
C17825,100,100,0,0.0
C17826,100,100,0,0.0
C17827,100,100,0,0.0
C17834,100,100,0,0.0
C17835,100,100,0,0.0
C17840,100,100,0,0.0
C17843,100,100,0,0.0
C17844,100,100,0,0.0
C17846,100,100,0,0.0
C17847,100,100,0,0.0
C17858,100,100,0,0.0
C17859,100,100,0,0.0
C17860,100,100,0,0.0
C17865,100,100,0,0.0
C17869,100,100,0,0.0
C17875,100,100,0,0.0
C17877,100,100,0,0.0
C17878,100,100,0,0.0
C17879,100,100,0,0.0
C17881,100,100,0,0.0
C17883,100,141,41,0.41
C17884,100,100,0,0.0
C17889,100,100,0,0.0
C17890,100,100,0,0.0
C17891,100,100,0,0.0
C17898,100,100,0,0.0
C17899,100,100,0,0.0
C17900,100,100,0,0.0
C17901,100,100,0,0.0
C17902,100,100,0,0.0
C17903,100,100,0,0.0
C17904,100,100,0,0.0
C17912,100,100,0,0.0
C17913,100,100,0,0.0
C17914,100,100,0,0.0
C17915,100,100,0,0.0
C17916,100,100,0,0.0
C17917,100,100,0,0.0
C17918,100,100,0,0.0
C17919,100,100,0,0.0
C17920,100,100,0,0.0
C17921,100,100,0,0.0
C17922,100,100,0,0.0
C17925,100,100,0,0.0
C17926,100,100,0,0.0
C17927,100,100,0,0.0
C17928,100,100,0,0.0
C17929,100,100,0,0.0
C17930,100,100,0,0.0
C17931,100,100,0,0.0
C17932,100,100,0,0.0
C17933,100,100,0,0.0
C17934,100,100,0,0.0
C17935,100,89,-11,0.11
C17936,100,150,50,0.5
C17938,100,62,-38,0.38
C17939,100,100,0,0.0
C17940,100,132,32,0.32
C17941,100,92,-8,0.08
C17942,100,159,59,0.59
C17943,100,89,-11,0.11
C17944,100,132,32,0.32
C17945,100,52,-48,0.48
C17946,100,92,-8,0.08
C17947,100,104,4,0.04
C17948,100,110,10,0.1
C17949,100,116,16,0.16
C17950,100,100,0,0.0
C17951,100,83,-17,0.17
C17952,100,93,-7,0.07
C17953,100,103,3,0.03
C17954,100,100,0,0.0
C17955,100,101,1,0.01
C17956,100,100,0,0.0
C17957,100,100,0,0.0
C17958,100,100,0,0.0
C17959,100,125,25,0.25
C17961,100,128,28,0.28
C17962,100,126,26,0.26
C17963,100,100,0,0.0
C17964,100,100,0,0.0
C17965,100,100,0,0.0
C17966,100,107,7,0.07
C17967,100,100,0,0.0
C17968,100,100,0,0.0
C17969,100,100,0,0.0
C17970,100,100,0,0.0
C17971,100,100,0,0.0
C17972,100,100,0,0.0
C17973,100,100,0,0.0
C17974,100,100,0,0.0
C17975,100,100,0,0.0
C17976,100,100,0,0.0
C17977,100,100,0,0.0
C17978,100,100,0,0.0
C17979,100,100,0,0.0
C17980,100,100,0,0.0
C17981,100,100,0,0.0
C17982,100,100,0,0.0
C17983,100,100,0,0.0
C17984,100,100,0,0.0
C17985,100,100,0,0.0
C17986,100,100,0,0.0
C17987,100,100,0,0.0
C17988,100,100,0,0.0
C17989,100,100,0,0.0
C17990,100,100,0,0.0
C17991,100,100,0,0.0
C17992,100,100,0,0.0
C17993,100,100,0,0.0
C17994,100,100,0,0.0
C17995,100,100,0,0.0
C17996,100,100,0,0.0
C17997,100,100,0,0.0
C17998,100,100,0,0.0
C17999,100,100,0,0.0
C18001,100,154,54,0.54
C18002,100,120,20,0.2
C18003,100,152,52,0.52
C18004,100,127,27,0.27
C18005,100,97,-3,0.03
C18006,100,64,-36,0.36
C18007,100,136,36,0.36
C18008,100,101,1,0.01
C18009,100,54,-46,0.46
C18010,100,100,0,0.0
C18011,100,101,1,0.01
C18012,100,97,-3,0.03
C18013,100,100,0,0.0
C18014,100,100,0,0.0
C18015,100,137,37,0.37
C18016,100,102,2,0.02
C18017,100,91,-9,0.09
C18018,100,109,9,0.09
C18019,100,109,9,0.09
C18021,100,104,4,0.04
C18022,100,145,45,0.45
C18023,100,101,1,0.01
C18024,100,98,-2,0.02
C18025,100,102,2,0.02
C18026,100,0,-100,1.0
C18027,100,101,1,0.01
C18028,100,86,-14,0.14
C18029,100,99,-1,0.01
C18030,100,109,9,0.09
C18031,100,138,38,0.38
C18033,100,136,36,0.36
C18034,100,100,0,0.0
C18035,100,63,-37,0.37
C18037,100,95,-5,0.05
C18038,100,100,0,0.0
C18039,100,150,50,0.5
C18040,100,92,-8,0.08
C18041,100,30,-70,0.7
C18042,100,130,30,0.3
C18043,100,140,40,0.4
C18044,100,145,45,0.45
C18045,100,100,0,0.0
C18046,100,130,30,0.3
C18047,100,70,-30,0.3
C18048,100,106,6,0.06
C18049,100,84,-16,0.16
C18050,100,87,-13,0.13
C18051,100,101,1,0.01
C18052,100,101,1,0.01
C18053,100,102,2,0.02
C18054,100,11,-89,0.89
C18055,100,104,4,0.04
C18056,100,100,0,0.0
C18058,100,100,0,0.0
C18059,100,99,-1,0.01
C18060,100,108,8,0.08
C18061,100,112,12,0.12
C18062,100,100,0,0.0
C18063,100,73,-27,0.27
C18064,100,158,58,0.58
C18066,100,86,-14,0.14
C18067,100,114,14,0.14
C18068,100,119,19,0.19
C18069,100,65,-35,0.35
C18070,100,96,-4,0.04
C18071,100,90,-10,0.1
C18072,100,154,54,0.54
C18073,100,100,0,0.0
C18075,100,73,-27,0.27
C18076,100,114,14,0.14
C18077,100,100,0,0.0
C18078,100,100,0,0.0
C18079,100,100,0,0.0
C18080,100,100,0,0.0
C18081,100,100,0,0.0
C18082,100,100,0,0.0
C18083,100,105,5,0.05
C18084,100,100,0,0.0
C18085,100,100,0,0.0
C18086,100,100,0,0.0
C18087,100,100,0,0.0
C18088,100,100,0,0.0
C18089,100,100,0,0.0
C18090,100,100,0,0.0
C18091,100,100,0,0.0
C18092,100,90,-10,0.1
C18093,100,100,0,0.0
C18094,100,95,-5,0.05
C18095,100,100,0,0.0
C18096,100,93,-7,0.07
C18097,100,100,0,0.0
C18098,100,65,-35,0.35
C18099,100,100,0,0.0
C18100,100,100,0,0.0
C18101,100,100,0,0.0
C18102,100,100,0,0.0
C18103,100,100,0,0.0
C18104,100,100,0,0.0
C18105,100,100,0,0.0
C18106,100,100,0,0.0
C18107,100,100,0,0.0
C18108,100,100,0,0.0
C18109,100,100,0,0.0
C18110,100,100,0,0.0
C18111,100,100,0,0.0
C18112,100,100,0,0.0
C18113,100,100,0,0.0
C18114,100,100,0,0.0
C18115,100,100,0,0.0
C18116,100,100,0,0.0
C18117,100,100,0,0.0
C18118,100,100,0,0.0
C18119,100,100,0,0.0
C18120,100,100,0,0.0
C18121,100,100,0,0.0
C18122,100,100,0,0.0
C18123,100,100,0,0.0
C18124,100,100,0,0.0
C18126,100,93,-7,0.07
C18127,100,100,0,0.0
C18128,100,100,0,0.0
C18129,100,101,1,0.01
C18130,100,100,0,0.0
C18131,100,46,-54,0.54
C18132,100,57,-43,0.43
C18133,100,86,-14,0.14
C18134,100,142,42,0.42
C18135,100,108,8,0.08
C18136,100,100,0,0.0
C18137,100,100,0,0.0
C18138,100,100,0,0.0
C18139,100,100,0,0.0
C18140,100,100,0,0.0
C18141,100,100,0,0.0
C18142,100,100,0,0.0
C18143,100,100,0,0.0
C18144,100,100,0,0.0
C18145,100,100,0,0.0
C18146,100,100,0,0.0
C18147,100,100,0,0.0
C18148,100,100,0,0.0
C18149,100,100,0,0.0
C18150,100,100,0,0.0
C18151,100,37,-63,0.63
C18152,100,87,-13,0.13
C18153,100,111,11,0.11
C18154,100,116,16,0.16
C18155,100,54,-46,0.46
C18156,100,141,41,0.41
C18157,100,97,-3,0.03
C18158,100,56,-44,0.44
C18159,100,100,0,0.0
C18160,100,54,-46,0.46
C18162,100,100,0,0.0
C18163,100,102,2,0.02
C18164,100,100,0,0.0
C18165,100,100,0,0.0
C18166,100,100,0,0.0
C18167,100,86,-14,0.14
C18168,100,100,0,0.0
C18169,100,100,0,0.0
C18170,100,101,1,0.01
C18171,100,100,0,0.0
C18172,100,72,-28,0.28
C18173,100,100,0,0.0
C18174,100,82,-18,0.18
C18175,100,100,0,0.0
C18176,100,100,0,0.0
C18177,100,100,0,0.0
C18178,100,100,0,0.0
C18179,100,100,0,0.0
C18180,100,100,0,0.0
C18181,100,100,0,0.0
C18183,100,100,0,0.0
C18184,100,100,0,0.0
C18185,100,100,0,0.0
C18186,100,100,0,0.0
C18187,100,100,0,0.0
C18188,100,100,0,0.0
C18189,100,100,0,0.0
C18190,100,100,0,0.0
C18191,100,100,0,0.0
C18192,100,100,0,0.0
C18193,100,100,0,0.0
C18195,100,101,1,0.01
C18196,100,101,1,0.01
C18197,100,100,0,0.0
C18198,100,100,0,0.0
C18200,100,100,0,0.0
C18201,100,100,0,0.0
C18202,100,67,-33,0.33
C18203,100,100,0,0.0
C18204,100,100,0,0.0
C18205,100,100,0,0.0
C18206,100,100,0,0.0
C18208,100,100,0,0.0
C18209,100,100,0,0.0
C18210,100,100,0,0.0
C18211,100,63,-37,0.37
C18212,100,100,0,0.0
C18213,100,100,0,0.0
C18214,100,100,0,0.0
C18215,100,95,-5,0.05
C18216,100,124,24,0.24
C18217,100,109,9,0.09
C18218,100,42,-58,0.58
C18219,100,89,-11,0.11
C18220,100,105,5,0.05
C18221,100,96,-4,0.04
C18222,100,119,19,0.19
C18223,100,113,13,0.13
C18224,100,112,12,0.12
C18225,100,117,17,0.17
C18226,100,116,16,0.16
C18228,100,111,11,0.11
C18229,100,104,4,0.04
C18230,100,100,0,0.0
C18231,100,101,1,0.01
C18232,100,78,-22,0.22
C18233,100,0,-100,1.0
C18234,100,200,100,1.0
C18235,100,128,28,0.28
C18236,100,100,0,0.0
C18237,100,91,-9,0.09
C18238,100,71,-29,0.29
C18239,100,70,-30,0.3
C18240,100,129,29,0.29
C18241,100,50,-50,0.5
C18243,100,6,-94,0.94
C18245,100,100,0,0.0
C18246,100,57,-43,0.43
C18247,100,91,-9,0.09
C18248,100,152,52,0.52
C18249,100,96,-4,0.04
C18250,100,111,11,0.11
C18251,100,42,-58,0.58
C18252,100,104,4,0.04
C18253,100,147,47,0.47
C18254,100,87,-13,0.13
C18255,100,113,13,0.13
C18256,100,53,-47,0.47
C18257,100,151,51,0.51
C18258,100,142,42,0.42
C18259,100,99,-1,0.01
C18260,100,140,40,0.4
C18261,100,99,-1,0.01
C18262,100,62,-38,0.38
C18263,100,91,-9,0.09
C18264,100,118,18,0.18
C18265,100,58,-42,0.42
C18266,100,40,-60,0.6
C18267,100,50,-50,0.5
C18268,100,100,0,0.0
C18269,100,145,45,0.45
C18270,100,46,-54,0.54
C18271,100,47,-53,0.53
C18272,100,18,-82,0.82
C18274,100,142,42,0.42
C18275,100,100,0,0.0
C18276,100,97,-3,0.03
C18277,100,18,-82,0.82
C18278,100,103,3,0.03
C18279,100,154,54,0.54
C18280,100,184,84,0.84
C18281,100,140,40,0.4
C18282,100,143,43,0.43
C18283,100,139,39,0.39
C18284,100,55,-45,0.45
C18285,100,73,-27,0.27
C18286,100,88,-12,0.12
C18287,100,100,0,0.0
C18293,100,116,16,0.16
C18294,100,102,2,0.02
C18295,100,138,38,0.38
C18296,100,130,30,0.3
C18297,100,99,-1,0.01
C18298,100,55,-45,0.45
C18299,100,157,57,0.57
C18300,100,100,0,0.0
C18301,100,85,-15,0.15
C18302,100,115,15,0.15
C18303,100,17,-83,0.83
C18304,100,125,25,0.25
C18305,100,61,-39,0.39
C18306,100,111,11,0.11
C18307,100,146,46,0.46
C18308,100,85,-15,0.15
C18309,100,137,37,0.37
C18310,100,118,18,0.18
C18311,100,140,40,0.4
C18312,100,120,20,0.2
C18313,100,100,0,0.0
C18314,100,92,-8,0.08
C18315,100,99,-1,0.01
C18316,100,61,-39,0.39
C18317,100,139,39,0.39
C18318,100,84,-16,0.16
C18319,100,100,0,0.0
C18320,100,50,-50,0.5
C18321,100,102,2,0.02
C18323,100,146,46,0.46
C18324,100,150,50,0.5
C18325,100,121,21,0.21
C18326,100,109,9,0.09
C18327,100,112,12,0.12
C18328,100,98,-2,0.02
C18329,100,97,-3,0.03
C18330,100,75,-25,0.25
C18331,100,107,7,0.07
C18332,100,64,-36,0.36
C18333,100,102,2,0.02
C18334,100,95,-5,0.05
C18335,100,110,10,0.1
C18336,100,88,-12,0.12
C18337,100,83,-17,0.17
C18338,100,71,-29,0.29
C18339,100,100,0,0.0
C18340,100,100,0,0.0
C18341,100,100,0,0.0
C18342,100,100,0,0.0
C18343,100,100,0,0.0
C18344,100,100,0,0.0
C18345,100,34,-66,0.66
C18346,100,100,0,0.0
C18347,100,100,0,0.0
C18348,100,100,0,0.0
C18349,100,84,-16,0.16
C18350,100,100,0,0.0
C18351,100,131,31,0.31
C18352,100,100,0,0.0
C18353,100,45,-55,0.55
C18354,100,107,7,0.07
C18355,100,104,4,0.04
C18356,100,101,1,0.01
C18357,100,71,-29,0.29
C18358,100,1,-99,0.99
C18359,100,100,0,0.0
C18360,100,138,38,0.38
C18361,100,100,0,0.0
C18362,100,100,0,0.0
C18363,100,100,0,0.0
C18364,100,100,0,0.0
C18365,100,100,0,0.0
C18366,100,100,0,0.0
C18367,100,100,0,0.0
C18368,100,100,0,0.0
C18369,100,100,0,0.0
C18370,100,100,0,0.0
C18371,100,100,0,0.0
C18372,100,100,0,0.0
C18373,100,100,0,0.0
C18374,100,100,0,0.0
C18375,100,100,0,0.0
C18376,100,100,0,0.0
C18377,100,100,0,0.0
C18378,100,100,0,0.0
C18379,100,100,0,0.0
C18380,100,100,0,0.0
C18381,100,100,0,0.0
C18382,100,100,0,0.0
C18383,100,100,0,0.0
C18384,100,100,0,0.0
C18386,100,100,0,0.0
C18387,100,100,0,0.0
C18388,100,100,0,0.0
C18389,100,100,0,0.0
C18390,100,100,0,0.0
C18391,100,100,0,0.0
C18392,100,100,0,0.0
C18393,100,100,0,0.0
C18394,100,100,0,0.0
C18395,100,100,0,0.0
C18396,100,100,0,0.0
C18397,100,100,0,0.0
C18398,100,100,0,0.0
C18399,100,100,0,0.0
C18400,100,100,0,0.0
C18401,100,100,0,0.0
C18402,100,100,0,0.0
C18403,100,100,0,0.0
C18404,100,100,0,0.0
C18405,100,100,0,0.0
C18406,100,100,0,0.0
C18407,100,100,0,0.0
C18408,100,100,0,0.0
C18409,100,100,0,0.0
C18410,100,100,0,0.0
C18411,100,100,0,0.0
C18412,100,100,0,0.0
C18413,100,100,0,0.0
C18414,100,100,0,0.0
C18416,100,100,0,0.0
C18417,100,100,0,0.0
C18418,100,100,0,0.0
C18419,100,100,0,0.0
C18420,100,100,0,0.0
C18421,100,100,0,0.0
C18422,100,100,0,0.0
C18423,100,100,0,0.0
C18424,100,100,0,0.0
C18425,100,100,0,0.0
C18426,100,100,0,0.0
C18427,100,100,0,0.0
C18428,100,100,0,0.0
C18429,100,100,0,0.0
C18430,100,100,0,0.0
C18431,100,100,0,0.0
C18432,100,100,0,0.0
C18433,100,100,0,0.0
C18434,100,100,0,0.0
C18435,100,100,0,0.0
C18436,100,100,0,0.0
C18437,100,100,0,0.0
C18438,100,100,0,0.0
C18439,100,100,0,0.0
C18440,100,100,0,0.0
C18441,100,100,0,0.0
C18442,100,100,0,0.0
C18443,100,100,0,0.0
C18444,100,100,0,0.0
C18445,100,100,0,0.0
C18446,100,100,0,0.0
C18447,100,100,0,0.0
C18448,100,101,1,0.01
C18449,100,100,0,0.0
C18450,100,100,0,0.0
C18451,100,100,0,0.0
C18452,100,100,0,0.0
C18453,100,100,0,0.0
C18454,100,100,0,0.0
C18455,100,100,0,0.0
C18456,100,100,0,0.0
C18457,100,100,0,0.0
C18458,100,100,0,0.0
C18459,100,100,0,0.0
C18460,100,100,0,0.0
C18461,100,100,0,0.0
C18462,100,100,0,0.0
C18463,100,100,0,0.0
C18464,100,100,0,0.0
C18465,100,100,0,0.0
C18466,100,100,0,0.0
C18467,100,100,0,0.0
C18468,100,100,0,0.0
C18469,100,100,0,0.0
C18470,100,100,0,0.0
C18471,100,100,0,0.0
C18472,100,146,46,0.46
C18473,100,54,-46,0.46
C18475,100,100,0,0.0
C18476,100,100,0,0.0
C18477,100,100,0,0.0
C18478,100,100,0,0.0
C18479,100,100,0,0.0
C18480,100,100,0,0.0
C18481,100,100,0,0.0
C18482,100,100,0,0.0
C18483,100,100,0,0.0
C18484,100,100,0,0.0
C18485,100,100,0,0.0
C18486,100,100,0,0.0
C18487,100,100,0,0.0
C18488,100,100,0,0.0
C18489,100,100,0,0.0
C18490,100,100,0,0.0
C18491,100,100,0,0.0
C18492,100,100,0,0.0
C18493,100,100,0,0.0
C18494,100,100,0,0.0
C18495,100,100,0,0.0
C18496,100,100,0,0.0
C18497,100,100,0,0.0
C18498,100,100,0,0.0
C18499,100,100,0,0.0
C18500,100,100,0,0.0
C18501,100,100,0,0.0
C18502,100,100,0,0.0
C18503,100,100,0,0.0
C18504,100,100,0,0.0
C18505,100,100,0,0.0
C18506,100,100,0,0.0
C18507,100,100,0,0.0
C18508,100,100,0,0.0
C18509,100,100,0,0.0
C18510,100,100,0,0.0
C18511,100,100,0,0.0
C18512,100,100,0,0.0
C18513,100,100,0,0.0
C18514,100,100,0,0.0
C18515,100,100,0,0.0
C18516,100,100,0,0.0
C18517,100,100,0,0.0
C18518,100,100,0,0.0
C18519,100,100,0,0.0
C18520,100,100,0,0.0
C18521,100,100,0,0.0
C18522,100,100,0,0.0
C18523,100,100,0,0.0
C18524,100,100,0,0.0
C18525,100,100,0,0.0
C18526,100,100,0,0.0
C18527,100,100,0,0.0
C18528,100,100,0,0.0
C18529,100,100,0,0.0
C18530,100,100,0,0.0
C18531,100,100,0,0.0
C18532,100,100,0,0.0
C18533,100,100,0,0.0
C18534,100,100,0,0.0
C18535,100,100,0,0.0
C18536,100,100,0,0.0
C18537,100,100,0,0.0
C18538,100,100,0,0.0
C18539,100,100,0,0.0
C18540,100,100,0,0.0
C18541,100,100,0,0.0
C18542,100,100,0,0.0
C18543,100,100,0,0.0
C18545,100,100,0,0.0
C18546,100,100,0,0.0
C18547,100,100,0,0.0
C18548,100,100,0,0.0
C18549,100,100,0,0.0
C18550,100,100,0,0.0
C18551,100,100,0,0.0
C18553,100,100,0,0.0
C18554,100,100,0,0.0
C18555,100,100,0,0.0
C18556,100,100,0,0.0
C18557,100,100,0,0.0
C18558,100,100,0,0.0
C18559,100,100,0,0.0
C18560,100,100,0,0.0
C18561,100,100,0,0.0
C18562,100,100,0,0.0
C18563,100,100,0,0.0
C18564,100,100,0,0.0
C18565,100,100,0,0.0
C18566,100,100,0,0.0
C18567,100,100,0,0.0
C18568,100,100,0,0.0
C18569,100,100,0,0.0
C18570,100,100,0,0.0
C18571,100,100,0,0.0
C18572,100,100,0,0.0
C18573,100,100,0,0.0
C18574,100,100,0,0.0
C18575,100,100,0,0.0
C18576,100,100,0,0.0
C18577,100,100,0,0.0
C18578,100,100,0,0.0
C18579,100,100,0,0.0
C18580,100,100,0,0.0
C18581,100,100,0,0.0
C18582,100,100,0,0.0
C18583,100,100,0,0.0
C18584,100,100,0,0.0
C18585,100,100,0,0.0
C18586,100,100,0,0.0
C18587,100,100,0,0.0
C18588,100,100,0,0.0
C18589,100,100,0,0.0
C18590,100,100,0,0.0
C18591,100,100,0,0.0
C18592,100,100,0,0.0
C18593,100,100,0,0.0
C18594,100,100,0,0.0
C18595,100,100,0,0.0
C18596,100,100,0,0.0
C18597,100,100,0,0.0
C18598,100,100,0,0.0
C18599,100,100,0,0.0
C18600,100,100,0,0.0
C18601,100,100,0,0.0
C18602,100,100,0,0.0
C18603,100,100,0,0.0
C18604,100,100,0,0.0
C18605,100,100,0,0.0
C18606,100,100,0,0.0
C18607,100,100,0,0.0
C18608,100,100,0,0.0
C18609,100,100,0,0.0
C18610,100,100,0,0.0
C18612,100,100,0,0.0
C18613,100,100,0,0.0
C18614,100,100,0,0.0
C18615,100,100,0,0.0
C18616,100,100,0,0.0
C18617,100,100,0,0.0
C18618,100,100,0,0.0
C18619,100,100,0,0.0
C18620,100,100,0,0.0
C18622,100,100,0,0.0
C18623,100,100,0,0.0
C18625,100,100,0,0.0
C18626,100,100,0,0.0
C18628,100,100,0,0.0
C18629,100,141,41,0.41
C18630,100,88,-12,0.12
C18631,100,100,0,0.0
C18632,100,144,44,0.44
C18633,100,100,0,0.0
C18634,100,83,-17,0.17
C18635,100,105,5,0.05
C18636,100,48,-52,0.52
C18637,100,147,47,0.47
C18638,100,100,0,0.0
C18639,100,100,0,0.0
C18640,100,129,29,0.29
C18641,100,117,17,0.17
C18642,100,101,1,0.01
C18643,100,55,-45,0.45
C18644,100,100,0,0.0
C18645,100,100,0,0.0
C18646,100,100,0,0.0
C18647,100,100,0,0.0
C18648,100,100,0,0.0
C18649,100,100,0,0.0
C18650,100,100,0,0.0
C18651,100,100,0,0.0
C18652,100,100,0,0.0
C18653,100,100,0,0.0
C18654,100,100,0,0.0
C18656,100,100,0,0.0
C18657,100,100,0,0.0
C18658,100,100,0,0.0
C18659,100,100,0,0.0
C18660,100,100,0,0.0
C18661,100,100,0,0.0
C18662,100,100,0,0.0
C18663,100,100,0,0.0
C18664,100,100,0,0.0
C18665,100,100,0,0.0
C18666,100,100,0,0.0
C18667,100,100,0,0.0
C18668,100,100,0,0.0
C18669,100,100,0,0.0
C18670,100,100,0,0.0
C18671,100,100,0,0.0
C18672,100,56,-44,0.44
C18673,100,100,0,0.0
C18674,100,100,0,0.0
C18675,100,100,0,0.0
C18676,100,100,0,0.0
C18677,100,100,0,0.0
C18678,100,41,-59,0.59
C18679,100,61,-39,0.39
C18680,100,79,-21,0.21
C18681,100,116,16,0.16
C18682,100,101,1,0.01
C18683,100,106,6,0.06
C18684,100,99,-1,0.01
C18685,100,101,1,0.01
C18686,100,100,0,0.0
C18687,100,100,0,0.0
C18688,100,100,0,0.0
C18689,100,100,0,0.0
C18690,100,100,0,0.0
C18691,100,100,0,0.0
C18692,100,100,0,0.0
C18693,100,100,0,0.0
C18694,100,100,0,0.0
C18695,100,100,0,0.0
C18696,100,100,0,0.0
C18697,100,100,0,0.0
C18698,100,100,0,0.0
C18699,100,100,0,0.0
C18700,100,100,0,0.0
C18701,100,100,0,0.0
C18702,100,100,0,0.0
C18703,100,100,0,0.0
C18704,100,100,0,0.0
C18705,100,100,0,0.0
C18706,100,100,0,0.0
C18707,100,100,0,0.0
C18708,100,100,0,0.0
C18709,100,142,42,0.42
C18710,100,101,1,0.01
C18711,100,47,-53,0.53
C18712,100,100,0,0.0
C18713,100,100,0,0.0
C18714,100,100,0,0.0
C18715,100,100,0,0.0
C18716,100,100,0,0.0
C18717,100,100,0,0.0
C18718,100,100,0,0.0
C18719,100,100,0,0.0
C18720,100,100,0,0.0
C18721,100,100,0,0.0
C18722,100,100,0,0.0
C18723,100,100,0,0.0
C18724,100,100,0,0.0
C18725,100,100,0,0.0
C18726,100,100,0,0.0
C18727,100,100,0,0.0
C18728,100,100,0,0.0
C18729,100,100,0,0.0
C18730,100,100,0,0.0
C18731,100,100,0,0.0
C18732,100,100,0,0.0
C18733,100,100,0,0.0
C18734,100,100,0,0.0
C18735,100,100,0,0.0
C18736,100,100,0,0.0
C18737,100,100,0,0.0
C18738,100,100,0,0.0
C18739,100,100,0,0.0
C18740,100,100,0,0.0
C18741,100,100,0,0.0
C18742,100,100,0,0.0
C18743,100,100,0,0.0
C18744,100,100,0,0.0
C18745,100,100,0,0.0
C18746,100,100,0,0.0
C18747,100,100,0,0.0
C18748,100,100,0,0.0
C18750,100,100,0,0.0
C18751,100,100,0,0.0
C18752,100,100,0,0.0
C18753,100,100,0,0.0
C18754,100,100,0,0.0
C18755,100,100,0,0.0
C18756,100,100,0,0.0
C18757,100,100,0,0.0
C18758,100,100,0,0.0
C18759,100,100,0,0.0
C18760,100,100,0,0.0
C18761,100,100,0,0.0
C18762,100,100,0,0.0
C18763,100,100,0,0.0
C18764,100,100,0,0.0
C18765,100,100,0,0.0
C18766,100,100,0,0.0
C18767,100,100,0,0.0
C18768,100,100,0,0.0
C18769,100,100,0,0.0
C18770,100,100,0,0.0
C18771,100,100,0,0.0
C18772,100,100,0,0.0
C18773,100,100,0,0.0
C18774,100,100,0,0.0
C18775,100,100,0,0.0
C18777,100,100,0,0.0
C18778,100,104,4,0.04
C18779,100,100,0,0.0
C18780,100,100,0,0.0
C18781,100,100,0,0.0
C18782,100,100,0,0.0
C18783,100,100,0,0.0
C18784,100,100,0,0.0
C18785,100,100,0,0.0
C18786,100,100,0,0.0
C18787,100,100,0,0.0
C18788,100,100,0,0.0
C18789,100,100,0,0.0
C18790,100,100,0,0.0
C18791,100,100,0,0.0
C18792,100,100,0,0.0
C18793,100,100,0,0.0
C18794,100,100,0,0.0
C18795,100,100,0,0.0
C18796,100,57,-43,0.43
C18797,100,40,-60,0.6
C18798,100,100,0,0.0
C18799,100,159,59,0.59
C18800,100,100,0,0.0
C18801,100,100,0,0.0
C18802,100,41,-59,0.59
C18803,100,100,0,0.0
C18804,100,100,0,0.0
C18805,100,100,0,0.0
C18806,100,100,0,0.0
C18807,100,100,0,0.0
C18808,100,100,0,0.0
C18809,100,100,0,0.0
C18810,100,100,0,0.0
C18811,100,100,0,0.0
C18812,100,100,0,0.0
C18813,100,100,0,0.0
C18814,100,100,0,0.0
C18815,100,100,0,0.0
C18816,100,100,0,0.0
C18817,100,100,0,0.0
C18818,100,100,0,0.0
C18819,100,100,0,0.0
C18820,100,100,0,0.0
C18821,100,100,0,0.0
C18822,100,142,42,0.42
C18823,100,106,6,0.06
C18824,100,93,-7,0.07
C18825,100,100,0,0.0
C18826,100,100,0,0.0
C18827,100,100,0,0.0
C18828,100,100,0,0.0
C18829,100,100,0,0.0
C18830,100,100,0,0.0
C18831,100,100,0,0.0
C18832,100,100,0,0.0
C18833,100,100,0,0.0
C18834,100,100,0,0.0
C18835,100,166,66,0.66
C18836,100,100,0,0.0
C18837,100,100,0,0.0
C18838,100,100,0,0.0
C18839,100,100,0,0.0
C18840,100,100,0,0.0
C18841,100,100,0,0.0
C18842,100,100,0,0.0
C18843,100,100,0,0.0
C18844,100,100,0,0.0
C18845,100,101,1,0.01
C18848,100,100,0,0.0
C18849,100,100,0,0.0
C18850,100,100,0,0.0
C18851,100,100,0,0.0
C18852,100,100,0,0.0
C18853,100,100,0,0.0
C18854,100,100,0,0.0
C18855,100,100,0,0.0
C18856,100,100,0,0.0
C18857,100,100,0,0.0
C18858,100,100,0,0.0
C18859,100,100,0,0.0
C18860,100,100,0,0.0
C18861,100,100,0,0.0
C18862,100,100,0,0.0
C18863,100,100,0,0.0
C18864,100,100,0,0.0
C18865,100,100,0,0.0
C18866,100,100,0,0.0
C18867,100,100,0,0.0
C18868,100,100,0,0.0
C18869,100,100,0,0.0
C18870,100,86,-14,0.14
C18871,100,117,17,0.17
C18872,100,100,0,0.0
C18873,100,100,0,0.0
C18874,100,100,0,0.0
C18875,100,100,0,0.0
C18876,100,100,0,0.0
C18877,100,100,0,0.0
C18878,100,100,0,0.0
C18879,100,100,0,0.0
C18880,100,100,0,0.0
C18881,100,100,0,0.0
C18882,100,100,0,0.0
C18883,100,100,0,0.0
C18884,100,100,0,0.0
C18885,100,100,0,0.0
C18886,100,100,0,0.0
C18887,100,100,0,0.0
C18888,100,100,0,0.0
C18889,100,100,0,0.0
C18890,100,100,0,0.0
C18891,100,100,0,0.0
C18892,100,100,0,0.0
C18893,100,100,0,0.0
C18894,100,100,0,0.0
C18895,100,100,0,0.0
C18896,100,100,0,0.0
C18897,100,100,0,0.0
C18898,100,100,0,0.0
C18899,100,100,0,0.0
C18900,100,100,0,0.0
C18901,100,100,0,0.0
C18902,100,51,-49,0.49
C18903,100,100,0,0.0
C18904,100,153,53,0.53
C18905,100,100,0,0.0
C18906,100,100,0,0.0
C18907,100,100,0,0.0
C18908,100,100,0,0.0
C18909,100,100,0,0.0
C18910,100,148,48,0.48
C18911,100,99,-1,0.01
C18912,100,100,0,0.0
C18913,100,100,0,0.0
C18914,100,100,0,0.0
C18915,100,100,0,0.0
C18916,100,100,0,0.0
C18917,100,100,0,0.0
C18918,100,100,0,0.0
C18919,100,100,0,0.0
C18920,100,100,0,0.0
C18921,100,100,0,0.0
C18922,100,100,0,0.0
C18923,100,100,0,0.0
C18924,100,100,0,0.0
C18925,100,100,0,0.0
C18926,100,100,0,0.0
C18927,100,100,0,0.0
C18928,100,100,0,0.0
C18929,100,100,0,0.0
C18930,100,100,0,0.0
C18931,100,100,0,0.0
C18932,100,100,0,0.0
C18933,100,116,16,0.16
C18934,100,100,0,0.0
C18935,100,100,0,0.0
C18936,100,100,0,0.0
C18937,100,100,0,0.0
C18938,100,100,0,0.0
C18939,100,100,0,0.0
C18940,100,100,0,0.0
C18941,100,100,0,0.0
C18942,100,100,0,0.0
C18943,100,100,0,0.0
C18944,100,100,0,0.0
C18945,100,100,0,0.0
C18946,100,100,0,0.0
C18947,100,100,0,0.0
C18948,100,100,0,0.0
C18949,100,100,0,0.0
C18950,100,100,0,0.0
C18951,100,100,0,0.0
C18952,100,100,0,0.0
C18953,100,100,0,0.0
C18954,100,100,0,0.0
C18955,100,100,0,0.0
C18956,100,100,0,0.0
C18957,100,100,0,0.0
C18958,100,100,0,0.0
C18959,100,100,0,0.0
C18960,100,100,0,0.0
C18961,100,100,0,0.0
C18962,100,100,0,0.0
C18963,100,100,0,0.0
C18964,100,100,0,0.0
C18965,100,100,0,0.0
C18966,100,100,0,0.0
C18967,100,100,0,0.0
C18968,100,100,0,0.0
C18969,100,100,0,0.0
C18970,100,100,0,0.0
C18971,100,100,0,0.0
C18972,100,100,0,0.0
C18973,100,100,0,0.0
C18974,100,100,0,0.0
C18975,100,100,0,0.0
C18976,100,100,0,0.0
C18977,100,100,0,0.0
C18978,100,100,0,0.0
C18979,100,100,0,0.0
C18980,100,100,0,0.0
C18981,100,100,0,0.0
C18982,100,100,0,0.0
C18983,100,100,0,0.0
C18984,100,100,0,0.0
C18985,100,100,0,0.0
C18986,100,100,0,0.0
C18987,100,100,0,0.0
C18988,100,100,0,0.0
C18989,100,100,0,0.0
C18992,100,100,0,0.0
C18993,100,100,0,0.0
C18999,100,100,0,0.0
C19000,100,100,0,0.0
C19001,100,100,0,0.0
C19002,100,100,0,0.0
C19003,100,100,0,0.0
C19004,100,100,0,0.0
C19005,100,100,0,0.0
C19006,100,100,0,0.0
C19007,100,100,0,0.0
C19009,100,100,0,0.0
C19010,100,100,0,0.0
C19011,100,100,0,0.0
C19012,100,100,0,0.0
C19013,100,100,0,0.0
C19014,100,100,0,0.0
C19015,100,100,0,0.0
C19016,100,100,0,0.0
C19017,100,100,0,0.0
C19019,100,100,0,0.0
C19020,100,100,0,0.0
C19021,100,100,0,0.0
C19022,100,100,0,0.0
C19023,100,100,0,0.0
C19024,100,100,0,0.0
C19025,100,100,0,0.0
C19026,100,100,0,0.0
C19027,100,100,0,0.0
C19028,100,100,0,0.0
C19029,100,100,0,0.0
C19030,100,100,0,0.0
C19031,100,100,0,0.0
C19032,100,100,0,0.0
C19033,100,75,-25,0.25
C19034,100,100,0,0.0
C19035,100,100,0,0.0
C19036,100,100,0,0.0
C19037,100,100,0,0.0
C19038,100,100,0,0.0
C19039,100,100,0,0.0
C19041,100,100,0,0.0
C19042,100,100,0,0.0
C19043,100,100,0,0.0
C19044,100,100,0,0.0
C19045,100,100,0,0.0
C19046,100,100,0,0.0
C19047,100,100,0,0.0
C19048,100,100,0,0.0
C19049,100,100,0,0.0
C19050,100,100,0,0.0
C19051,100,100,0,0.0
C19052,100,100,0,0.0
C19053,100,100,0,0.0
C19054,100,100,0,0.0
C19055,100,100,0,0.0
C19056,100,100,0,0.0
C19057,100,100,0,0.0
C19058,100,100,0,0.0
C19059,100,100,0,0.0
C19060,100,100,0,0.0
C19061,100,100,0,0.0
C19062,100,100,0,0.0
C19063,100,100,0,0.0
C19064,100,100,0,0.0
C19065,100,100,0,0.0
C19066,100,100,0,0.0
C19067,100,100,0,0.0
C19068,100,100,0,0.0
C19069,100,100,0,0.0
C19070,100,100,0,0.0
C19071,100,100,0,0.0
C19072,100,100,0,0.0
C19073,100,100,0,0.0
C19074,100,100,0,0.0
C19075,100,100,0,0.0
C19076,100,100,0,0.0
C19077,100,100,0,0.0
C19078,100,99,-1,0.01
C19079,100,59,-41,0.41
C19080,100,98,-2,0.02
C19081,100,83,-17,0.17
C19082,100,110,10,0.1
C19083,100,108,8,0.08
C19084,100,57,-43,0.43
C19085,100,103,3,0.03
C19086,100,100,0,0.0
C19087,100,100,0,0.0
C19088,100,100,0,0.0
C19089,100,100,0,0.0
C19090,100,100,0,0.0
C19091,100,100,0,0.0
C19092,100,100,0,0.0
C19093,100,100,0,0.0
C19094,100,100,0,0.0
C19095,100,100,0,0.0
C19096,100,100,0,0.0
C19097,100,100,0,0.0
C19098,100,100,0,0.0
C19099,100,100,0,0.0
C19100,100,100,0,0.0
C19101,100,100,0,0.0
C19102,100,100,0,0.0
C19103,100,100,0,0.0
C19105,100,100,0,0.0
C19106,100,100,0,0.0
C19107,100,100,0,0.0
C19108,100,100,0,0.0
C19109,100,100,0,0.0
C19110,100,100,0,0.0
C19111,100,100,0,0.0
C19112,100,100,0,0.0
C19113,100,100,0,0.0
C19114,100,100,0,0.0
C19115,100,100,0,0.0
C19116,100,100,0,0.0
C19117,100,100,0,0.0
C19118,100,100,0,0.0
C19119,100,100,0,0.0
C19120,100,100,0,0.0
C19121,100,100,0,0.0
C19122,100,100,0,0.0
C19123,100,100,0,0.0
C19124,100,100,0,0.0
C19125,100,100,0,0.0
C19126,100,100,0,0.0
C19127,100,100,0,0.0
C19128,100,100,0,0.0
C19129,100,100,0,0.0
C19130,100,100,0,0.0
C19131,100,100,0,0.0
C19132,100,100,0,0.0
C19133,100,100,0,0.0
C19134,100,100,0,0.0
C19135,100,100,0,0.0
C19136,100,100,0,0.0
C19137,100,100,0,0.0
C19138,100,100,0,0.0
C19139,100,100,0,0.0
C19140,100,100,0,0.0
C19141,100,100,0,0.0
C19143,100,100,0,0.0
C19144,100,100,0,0.0
C19145,100,100,0,0.0
C19146,100,100,0,0.0
C19147,100,100,0,0.0
C19148,100,100,0,0.0
C19149,100,100,0,0.0
C19151,100,101,1,0.01
C19152,100,103,3,0.03
C19153,100,132,32,0.32
C19154,100,63,-37,0.37
C19155,100,66,-34,0.34
C19156,100,97,-3,0.03
C19157,100,100,0,0.0
C19158,100,100,0,0.0
C19159,100,100,0,0.0
C19160,100,100,0,0.0
C19161,100,100,0,0.0
C19162,100,100,0,0.0
C19163,100,100,0,0.0
C19164,100,100,0,0.0
C19165,100,100,0,0.0
C19166,100,100,0,0.0
C19167,100,100,0,0.0
C19168,100,100,0,0.0
C19169,100,100,0,0.0
C19170,100,100,0,0.0
C19172,100,100,0,0.0
C19173,100,100,0,0.0
C19174,100,100,0,0.0
C19175,100,100,0,0.0
C19176,100,100,0,0.0
C19177,100,100,0,0.0
C19178,100,100,0,0.0
C19179,100,100,0,0.0
C19180,100,100,0,0.0
C19181,100,100,0,0.0
C19182,100,100,0,0.0
C19183,100,100,0,0.0
C19184,100,100,0,0.0
C19185,100,100,0,0.0
C19186,100,100,0,0.0
C19187,100,100,0,0.0
C19188,100,100,0,0.0
C19189,100,100,0,0.0
C19190,100,100,0,0.0
C19191,100,100,0,0.0
C19192,100,100,0,0.0
C19193,100,100,0,0.0
C19194,100,100,0,0.0
C19195,100,100,0,0.0
C19196,100,100,0,0.0
C19197,100,100,0,0.0
C19198,100,100,0,0.0
C19199,100,100,0,0.0
C19200,100,100,0,0.0
C19201,100,100,0,0.0
C19202,100,100,0,0.0
C19203,100,100,0,0.0
C19204,100,100,0,0.0
C19205,100,100,0,0.0
C19206,100,100,0,0.0
C19207,100,100,0,0.0
C19208,100,100,0,0.0
C19209,100,100,0,0.0
C19210,100,100,0,0.0
C19211,100,100,0,0.0
C19212,100,100,0,0.0
C19213,100,100,0,0.0
C19214,100,100,0,0.0
C19216,100,100,0,0.0
C19217,100,100,0,0.0
C19218,100,100,0,0.0
C19219,100,100,0,0.0
C19220,100,100,0,0.0
C19221,100,100,0,0.0
C19222,100,100,0,0.0
C19223,100,100,0,0.0
C19225,100,100,0,0.0
C19226,100,100,0,0.0
C19227,100,100,0,0.0
C19228,100,100,0,0.0
C19229,100,100,0,0.0
C19230,100,100,0,0.0
C19231,100,100,0,0.0
C19232,100,100,0,0.0
C19233,100,100,0,0.0
C19234,100,100,0,0.0
C19235,100,100,0,0.0
C19236,100,100,0,0.0
C19237,100,100,0,0.0
C19238,100,100,0,0.0
C19239,100,100,0,0.0
C19240,100,100,0,0.0
C19241,100,97,-3,0.03
C19242,100,100,0,0.0
C19243,100,100,0,0.0
C19244,100,100,0,0.0
C19245,100,100,0,0.0
C19246,100,100,0,0.0
C19247,100,100,0,0.0
C19248,100,100,0,0.0
C19249,100,100,0,0.0
C19250,100,100,0,0.0
C19251,100,100,0,0.0
C19252,100,100,0,0.0
C19253,100,100,0,0.0
C19254,100,100,0,0.0
C19255,100,100,0,0.0
C19256,100,100,0,0.0
C19257,100,100,0,0.0
C19258,100,100,0,0.0
C19259,100,100,0,0.0
C19260,100,100,0,0.0
C19262,100,100,0,0.0
C19263,100,100,0,0.0
C19264,100,100,0,0.0
C19265,100,100,0,0.0
C19266,100,100,0,0.0
C19267,100,100,0,0.0
C19268,100,100,0,0.0
C19269,100,100,0,0.0
C19270,100,100,0,0.0
C19271,100,100,0,0.0
C19272,100,100,0,0.0
C19273,100,100,0,0.0
C19274,100,100,0,0.0
C19275,100,100,0,0.0
C19276,100,100,0,0.0
C19277,100,100,0,0.0
C19278,100,100,0,0.0
C19279,100,100,0,0.0
C19280,100,100,0,0.0
C19281,100,100,0,0.0
C19282,100,100,0,0.0
C19283,100,100,0,0.0
C19284,100,100,0,0.0
C19285,100,100,0,0.0
C19286,100,100,0,0.0
C19287,100,100,0,0.0
C19288,100,100,0,0.0
C19289,100,100,0,0.0
C19290,100,100,0,0.0
C19306,100,100,0,0.0
C19307,100,100,0,0.0
C19419,100,100,0,0.0
C19420,100,100,0,0.0
C19421,100,100,0,0.0
C19422,100,100,0,0.0
C19423,100,100,0,0.0
C19424,100,100,0,0.0
C19425,100,100,0,0.0
C19426,100,100,0,0.0
C19427,100,100,0,0.0
C19428,100,100,0,0.0
C19429,100,100,0,0.0
C19430,100,100,0,0.0
C19431,100,100,0,0.0
C19432,100,100,0,0.0
C19433,100,100,0,0.0
C19434,100,100,0,0.0
C19435,100,100,0,0.0
C19436,100,100,0,0.0
C19437,100,100,0,0.0
C19438,100,100,0,0.0
C19440,100,100,0,0.0
C19441,100,100,0,0.0
C19443,100,100,0,0.0
C19444,100,100,0,0.0
C19445,100,100,0,0.0
C19446,100,100,0,0.0
C19447,100,100,0,0.0
C19448,100,100,0,0.0
C19449,100,100,0,0.0
C19450,100,100,0,0.0
C19451,100,100,0,0.0
C19452,100,100,0,0.0
C19453,100,100,0,0.0
C19454,100,100,0,0.0
C19455,100,100,0,0.0
C19456,100,100,0,0.0
C19457,100,100,0,0.0
C19458,100,100,0,0.0
C19459,100,101,1,0.01
C19460,100,100,0,0.0
C19461,100,100,0,0.0
C19462,100,100,0,0.0
C19463,100,100,0,0.0
C19464,100,100,0,0.0
C19465,100,100,0,0.0
C19466,100,100,0,0.0
C19467,100,100,0,0.0
C19468,100,100,0,0.0
C19469,100,100,0,0.0
C19470,100,100,0,0.0
C19471,100,100,0,0.0
C19472,100,100,0,0.0
C19473,100,100,0,0.0
C19474,100,100,0,0.0
C19475,100,100,0,0.0
C19476,100,100,0,0.0
C19477,100,100,0,0.0
C19478,100,100,0,0.0
C19479,100,100,0,0.0
C19480,100,100,0,0.0
C19481,100,100,0,0.0
C19482,100,100,0,0.0
C19483,100,100,0,0.0
C19484,100,100,0,0.0
C19485,100,100,0,0.0
C19486,100,100,0,0.0
C19487,100,100,0,0.0
C19488,100,100,0,0.0
C19489,100,88,-12,0.12
C19490,100,112,12,0.12
C19491,100,98,-2,0.02
C19492,100,100,0,0.0
C19493,100,100,0,0.0
C19494,100,100,0,0.0
C19496,100,100,0,0.0
C19497,100,100,0,0.0
C19498,100,100,0,0.0
C19499,100,100,0,0.0
C19500,100,100,0,0.0
C19501,100,100,0,0.0
C19502,100,100,0,0.0
C19503,100,100,0,0.0
C19504,100,100,0,0.0
C19505,100,100,0,0.0
C19506,100,100,0,0.0
C19507,100,100,0,0.0
C19508,100,100,0,0.0
C19509,100,100,0,0.0
C19510,100,100,0,0.0
C19511,100,100,0,0.0
C19512,100,100,0,0.0
C19513,100,100,0,0.0
C19514,100,100,0,0.0
C19515,100,100,0,0.0
C19516,100,100,0,0.0
C19517,100,100,0,0.0
C19518,100,100,0,0.0
C19519,100,100,0,0.0
C19520,100,100,0,0.0
C19521,100,100,0,0.0
C19522,100,100,0,0.0
C19523,100,100,0,0.0
C19524,100,100,0,0.0
C19525,100,100,0,0.0
C19526,100,100,0,0.0
C19527,100,100,0,0.0
C19528,100,100,0,0.0
C19529,100,100,0,0.0
C19530,100,100,0,0.0
C19531,100,100,0,0.0
C19532,100,100,0,0.0
C19533,100,100,0,0.0
C19534,100,100,0,0.0
C19535,100,100,0,0.0
C19536,100,100,0,0.0
C19537,100,100,0,0.0
C19538,100,100,0,0.0
C19539,100,100,0,0.0
C19540,100,100,0,0.0
C19541,100,100,0,0.0
C19542,100,100,0,0.0
C19543,100,100,0,0.0
C19544,100,100,0,0.0
C19545,100,100,0,0.0
C19546,100,100,0,0.0
C19547,100,100,0,0.0
C19548,100,100,0,0.0
C19549,100,100,0,0.0
C19550,100,100,0,0.0
C19551,100,100,0,0.0
C19552,100,100,0,0.0
C19553,100,100,0,0.0
C19554,100,100,0,0.0
C19555,100,100,0,0.0
C19556,100,100,0,0.0
C19557,100,100,0,0.0
C19559,100,100,0,0.0
C19560,100,100,0,0.0
C19561,100,99,-1,0.01
C19562,100,101,1,0.01
C19563,100,62,-38,0.38
C19564,100,89,-11,0.11
C19565,100,95,-5,0.05
C19566,100,52,-48,0.48
C19567,100,143,43,0.43
C19568,100,190,90,0.9
C19569,100,160,60,0.6
C19570,100,100,0,0.0
C19571,100,100,0,0.0
C19572,100,100,0,0.0
C19573,100,100,0,0.0
C19574,100,97,-3,0.03
C19575,100,100,0,0.0
C19577,100,59,-41,0.41
C19578,100,111,11,0.11
C19579,100,180,80,0.8
C19580,100,63,-37,0.37
C19581,100,85,-15,0.15
C19582,100,102,2,0.02
C19583,100,100,0,0.0
C19584,100,100,0,0.0
C19585,100,100,0,0.0
C19586,100,72,-28,0.28
C19587,100,100,0,0.0
C19588,100,81,-19,0.19
C19590,100,202,102,1.02
C19591,100,91,-9,0.09
C19592,100,107,7,0.07
C19594,100,101,1,0.01
C19595,100,100,0,0.0
C19596,100,100,0,0.0
C19597,100,100,0,0.0
C19598,100,100,0,0.0
C19599,100,100,0,0.0
C19602,100,149,49,0.49
C19603,100,146,46,0.46
C19604,100,79,-21,0.21
C19605,100,101,1,0.01
C19606,100,104,4,0.04
C19607,100,121,21,0.21
C19608,100,100,0,0.0
C19613,100,77,-23,0.23
C19614,100,93,-7,0.07
C19615,100,155,55,0.55
C19616,100,19,-81,0.81
C19617,100,84,-16,0.16
C19620,100,132,32,0.32
C19621,100,115,15,0.15
C19623,100,48,-52,0.52
C19624,100,106,6,0.06
C19625,100,146,46,0.46
C19644,100,100,0,0.0
C19656,100,100,0,0.0
C19695,100,96,-4,0.04
C19700,100,82,-18,0.18
C19703,100,91,-9,0.09
C19706,100,68,-32,0.32
C19709,100,94,-6,0.06
C19720,100,101,1,0.01
C19734,100,101,1,0.01
C19737,100,120,20,0.2
C19738,100,142,42,0.42
C19781,100,81,-19,0.19
C19795,100,95,-5,0.05
C19799,100,148,48,0.48
C19807,100,100,0,0.0
C19839,100,99,-1,0.01
C19847,100,147,47,0.47
C19852,100,101,1,0.01
C19858,100,100,0,0.0
C19859,100,99,-1,0.01
C19872,100,137,37,0.37
C19873,100,152,52,0.52
C19874,100,134,34,0.34
C19875,100,108,8,0.08
C19876,100,123,23,0.23
C19895,100,101,1,0.01
C19900,100,100,0,0.0
C19902,100,100,0,0.0
C19903,100,100,0,0.0
C19913,100,100,0,0.0
C19915,100,100,0,0.0
C19917,100,100,0,0.0
C19949,100,100,0,0.0
C19952,100,100,0,0.0
C19953,100,100,0,0.0
C19954,100,100,0,0.0
C19971,100,93,-7,0.07
C19972,100,92,-8,0.08
C19977,100,100,0,0.0
C19981,100,100,0,0.0
C19984,100,100,0,0.0
C19989,100,100,0,0.0
C19990,100,100,0,0.0
C19991,100,100,0,0.0
C19994,100,100,0,0.0
C19996,100,100,0,0.0
C19999,100,100,0,0.0
C20006,100,100,0,0.0
C20008,100,100,0,0.0
C20009,100,100,0,0.0
C20010,100,100,0,0.0
C20013,100,100,0,0.0
C20017,100,100,0,0.0
C20018,100,100,0,0.0
C20022,100,100,0,0.0
C20023,100,100,0,0.0
C20025,100,100,0,0.0
C20044,100,100,0,0.0
C20045,100,96,-4,0.04
C20059,100,100,0,0.0
C20082,100,117,17,0.17
C20093,100,100,0,0.0
C20094,100,100,0,0.0
C20121,100,101,1,0.01
C20123,100,100,0,0.0
C20132,100,100,0,0.0
C20137,100,92,-8,0.08
C20138,100,145,45,0.45
C20140,100,103,3,0.03
C20142,100,100,0,0.0
C20157,100,100,0,0.0
C20164,100,100,0,0.0
C20167,100,100,0,0.0
C20199,100,117,17,0.17
C20203,100,100,0,0.0
C20210,100,100,0,0.0
C20212,100,100,0,0.0
C20214,100,100,0,0.0
C20220,100,100,0,0.0
C20226,100,144,44,0.44
C20230,100,107,7,0.07
C20246,100,33,-67,0.67
C20252,100,71,-29,0.29
C20259,100,100,0,0.0
C20262,100,106,6,0.06
C20265,100,100,0,0.0
C20266,100,100,0,0.0
C20286,100,100,0,0.0
C20287,100,100,0,0.0
C20288,100,100,0,0.0
C20290,100,100,0,0.0
C20291,100,100,0,0.0
C20297,100,122,22,0.22
C20316,100,100,0,0.0
C20321,100,100,0,0.0
C20328,100,98,-2,0.02
C20333,100,100,0,0.0
C20339,100,100,0,0.0
C20340,100,100,0,0.0
C20341,100,100,0,0.0
C20348,100,100,0,0.0
C20357,100,49,-51,0.51
C20385,100,100,0,0.0
C20439,100,100,0,0.0
C20441,100,142,42,0.42
C20448,100,100,0,0.0
C20462,100,100,0,0.0
C20465,100,23,-77,0.77
C20466,100,104,4,0.04
C20482,100,60,-40,0.4
C20484,100,128,28,0.28
C20489,100,107,7,0.07
C20490,100,113,13,0.13
C20491,100,110,10,0.1
C20493,100,100,0,0.0
C20494,100,100,0,0.0
C20496,100,116,16,0.16
C20525,100,106,6,0.06
C20536,100,63,-37,0.37
C20543,100,99,-1,0.01
C20546,100,55,-45,0.45
C20549,100,100,0,0.0
C20571,100,100,0,0.0
C20585,100,100,0,0.0
C20586,100,116,16,0.16
C20599,100,100,0,0.0
C20684,100,7,-93,0.93
C20698,100,100,0,0.0
C20701,100,101,1,0.01
C20731,100,100,0,0.0
C20739,100,101,1,0.01
C20760,100,100,0,0.0
C20784,100,103,3,0.03
C20786,100,100,0,0.0
C20813,100,138,38,0.38
C20816,100,96,-4,0.04
C20817,100,101,1,0.01
C20819,100,118,18,0.18
C20820,100,140,40,0.4
C20825,100,101,1,0.01
C20868,100,100,0,0.0
C20872,100,100,0,0.0
C20896,100,88,-12,0.12
C20910,100,100,0,0.0
C20912,100,97,-3,0.03
C20915,100,77,-23,0.23
C20916,100,105,5,0.05
C20919,100,153,53,0.53
C20920,100,147,47,0.47
C20925,100,98,-2,0.02
C20956,100,54,-46,0.46
C20969,100,56,-44,0.44
C20972,100,100,0,0.0
C20978,100,100,0,0.0
C20990,100,83,-17,0.17
C21027,100,92,-8,0.08
C21040,100,87,-13,0.13
C21054,100,100,0,0.0
C21060,100,100,0,0.0
C21066,100,100,0,0.0
C21119,100,139,39,0.39
C21121,100,100,0,0.0
C21122,100,100,0,0.0
C21125,100,100,0,0.0
C21133,100,101,1,0.01
C21136,100,100,0,0.0
C21257,100,68,-32,0.32
C21296,100,100,0,0.0
C21370,100,100,0,0.0
C21405,100,0,-100,1.0
C21406,100,0,-100,1.0
C21417,100,117,17,0.17
C21436,100,100,0,0.0
C21495,100,103,3,0.03
C21496,100,104,4,0.04
C21510,100,150,50,0.5
C21511,100,99,-1,0.01
C21515,100,100,0,0.0
C21519,100,100,0,0.0
C21540,100,100,0,0.0
C21586,100,99,-1,0.01
C21587,100,87,-13,0.13
C21588,100,114,14,0.14
C21589,100,62,-38,0.38
C21590,100,121,21,0.21
C21591,100,60,-40,0.4
C21604,100,107,7,0.07
C21650,100,97,-3,0.03
C21684,100,100,0,0.0
C21956,100,99,-1,0.01
C22041,100,100,0,0.0
C22042,100,100,0,0.0
C22079,100,101,1,0.01
C22087,100,140,40,0.4
C22107,100,134,34,0.34
C00306,100,100,0,0.0
C00373,100,100,0,0.0
C00561,100,38,-62,0.62
C00660,100,100,0,0.0
C00850,100,130,30,0.3
C00883,100,100,0,0.0
C01315,100,100,0,0.0
C01337,100,100,0,0.0
C01510,100,91,-9,0.09
C01517,100,100,0,0.0
C01581,100,106,6,0.06
C01865,100,100,0,0.0
C01895,100,100,0,0.0
C02007,100,100,0,0.0
C02026,100,100,0,0.0
C02040,100,100,0,0.0
C02162,100,100,0,0.0
C02229,100,100,0,0.0
C02234,100,100,0,0.0
C02264,100,100,0,0.0
C02267,100,100,0,0.0
C02347,100,91,-9,0.09
C02453,100,100,0,0.0
C02471,100,87,-13,0.13
C02507,100,100,0,0.0
C02548,100,100,0,0.0
C02587,100,78,-22,0.22
C02638,100,100,0,0.0
C02652,100,100,0,0.0
C02709,100,110,10,0.1
C02725,100,100,0,0.0
C02747,100,100,0,0.0
C02753,100,79,-21,0.21
C02755,100,113,13,0.13
C02793,100,69,-31,0.31
C02799,100,100,0,0.0
C02806,100,100,0,0.0
C02854,100,100,0,0.0
C02904,100,100,0,0.0
C02942,100,100,0,0.0
C03002,100,116,16,0.16
C03009,100,100,0,0.0
C03010,100,100,0,0.0
C03136,100,96,-4,0.04
C03142,100,101,1,0.01
C03176,100,100,0,0.0
C03280,100,100,0,0.0
C03293,100,100,0,0.0
C03305,100,100,0,0.0
C03367,100,100,0,0.0
C03450,100,100,0,0.0
C03539,100,69,-31,0.31
C03543,100,100,0,0.0
C03571,100,100,0,0.0
C03614,100,93,-7,0.07
C03662,100,100,0,0.0
C03755,100,100,0,0.0
C03757,100,100,0,0.0
C03762,100,100,0,0.0
C03799,100,101,1,0.01
C03850,100,100,0,0.0
C03853,100,100,0,0.0
C03857,100,100,0,0.0
C03858,100,100,0,0.0
C03914,100,100,0,0.0
C03928,100,100,0,0.0
C03929,100,100,0,0.0
C03953,100,100,0,0.0
C04049,100,100,0,0.0
C04130,100,100,0,0.0
C04131,100,85,-15,0.15
C04265,100,100,0,0.0
C04323,100,100,0,0.0
C04403,100,100,0,0.0
C04417,100,100,0,0.0
C04418,100,100,0,0.0
C04423,100,100,0,0.0
C04427,100,100,0,0.0
C04428,100,100,0,0.0
C04451,100,100,0,0.0
C04488,100,148,48,0.48
C04509,100,100,0,0.0
C04562,100,100,0,0.0
C04572,100,100,0,0.0
C04587,100,100,0,0.0
C04615,100,104,4,0.04
C04663,100,100,0,0.0
C04721,100,100,0,0.0
C04724,100,49,-51,0.51
C04787,100,100,0,0.0
C04804,100,115,15,0.15
C04808,100,155,55,0.55
C04811,100,100,0,0.0
C04873,100,100,0,0.0
C04931,100,100,0,0.0
C05060,100,100,0,0.0
C05136,100,100,0,0.0
C05150,100,100,0,0.0
C05153,100,100,0,0.0
C05163,100,100,0,0.0
C05253,100,100,0,0.0
C05346,100,100,0,0.0
C05354,100,100,0,0.0
C05370,100,100,0,0.0
C05418,100,89,-11,0.11
C05424,100,124,24,0.24
C05583,100,93,-7,0.07
C05619,100,100,0,0.0
C05636,100,161,61,0.61
C05642,100,101,1,0.01
C05645,100,136,36,0.36
C05646,100,124,24,0.24
C05652,100,97,-3,0.03
C05686,100,102,2,0.02
C05690,100,101,1,0.01
C05702,100,84,-16,0.16
C05706,100,115,15,0.15
C05707,100,150,50,0.5
C05708,100,156,56,0.56
C05720,100,100,0,0.0
C05832,100,146,46,0.46
C05859,100,100,0,0.0
C05894,100,126,26,0.26
C05897,100,140,40,0.4
C05919,100,106,6,0.06
C05922,100,79,-21,0.21
C05926,100,107,7,0.07
C05928,100,101,1,0.01
C05997,100,100,0,0.0
C06027,100,105,5,0.05
C06055,100,56,-44,0.44
C06066,100,137,37,0.37
C06067,100,55,-45,0.45
C06148,100,155,55,0.55
C06149,100,100,0,0.0
C06158,100,100,0,0.0
C06189,100,102,2,0.02
C06217,100,99,-1,0.01
C06229,100,100,0,0.0
C06329,100,73,-27,0.27
C06381,100,76,-24,0.24
C06400,100,126,26,0.26
C06430,100,166,66,0.66
C06432,100,113,13,0.13
C06440,100,147,47,0.47
C06446,100,100,0,0.0
C06491,100,100,0,0.0
C06499,100,100,0,0.0
C06531,100,100,0,0.0
C06572,100,100,0,0.0
C06582,100,124,24,0.24
C06605,100,120,20,0.2
C06613,100,93,-7,0.07
C06615,100,85,-15,0.15
C06626,100,43,-57,0.57
C06642,100,201,101,1.01
C06643,100,145,45,0.45
C06646,100,25,-75,0.75
C06647,100,104,4,0.04
C06648,100,179,79,0.79
C06675,100,39,-61,0.61
C06692,100,100,0,0.0
C06835,100,100,0,0.0
C06848,100,100,0,0.0
C06873,100,100,0,0.0
C06893,100,61,-39,0.39
C06897,100,100,0,0.0
C06900,100,100,0,0.0
C06926,100,100,0,0.0
C06933,100,100,0,0.0
C06938,100,100,0,0.0
C06952,100,100,0,0.0
C06960,100,100,0,0.0
C06981,100,100,0,0.0
C06989,100,105,5,0.05
C06991,100,100,0,0.0
C07007,100,100,0,0.0
C07017,100,100,0,0.0
C07020,100,100,0,0.0
C07025,100,96,-4,0.04
C07026,100,141,41,0.41
C07028,100,113,13,0.13
C07029,100,99,-1,0.01
C07030,100,53,-47,0.47
C07031,100,147,47,0.47
C07032,100,83,-17,0.17
C07085,100,112,12,0.12
C07089,100,45,-55,0.55
C07102,100,85,-15,0.15
C07122,100,100,0,0.0
C07131,100,100,0,0.0
C07190,100,100,0,0.0
C07203,100,100,0,0.0
C07213,100,96,-4,0.04
C07236,100,100,0,0.0
C07346,100,100,0,0.0
C07367,100,100,0,0.0
C07433,100,100,0,0.0
C07454,100,100,0,0.0
C07498,100,100,0,0.0
C07560,100,100,0,0.0
C07667,100,144,44,0.44
C07714,100,100,0,0.0
C07720,100,102,2,0.02
C07722,100,51,-49,0.49
C07723,100,149,49,0.49
C07728,100,99,-1,0.01
C07784,100,100,0,0.0
C07817,100,100,0,0.0
C07843,100,100,0,0.0
C07881,100,100,0,0.0
C07911,100,100,0,0.0
C07952,100,100,0,0.0
C07970,100,100,0,0.0
C08038,100,100,0,0.0
C08052,100,100,0,0.0
C08057,100,101,1,0.01
C08062,100,80,-20,0.2
C08098,100,100,0,0.0
C08109,100,100,0,0.0
C08161,100,100,0,0.0
C08175,100,100,0,0.0
C08192,100,100,0,0.0
C08202,100,100,0,0.0
C08228,100,100,0,0.0
C08246,100,100,0,0.0
C08248,100,100,0,0.0
C08261,100,100,0,0.0
C08280,100,100,0,0.0
C08292,100,100,0,0.0
C08294,100,100,0,0.0
C08295,100,100,0,0.0
C08314,100,100,0,0.0
C08318,100,100,0,0.0
C08386,100,100,0,0.0
C08448,100,100,0,0.0
C08496,100,100,0,0.0
C08699,100,100,0,0.0
C08774,100,100,0,0.0
C08817,100,100,0,0.0
C08821,100,110,10,0.1
C08843,100,100,0,0.0
C08940,100,100,0,0.0
C09130,100,100,0,0.0
C09831,100,100,0,0.0
C09832,100,100,0,0.0
C09841,100,100,0,0.0
C09995,100,100,0,0.0
C10020,100,100,0,0.0
C10037,100,100,0,0.0
C10068,100,100,0,0.0
C10102,100,100,0,0.0
C10141,100,100,0,0.0
C10158,100,100,0,0.0
C10175,100,108,8,0.08
C10179,100,100,0,0.0
C10331,100,100,0,0.0
C10351,100,100,0,0.0
C10446,100,100,0,0.0
C10475,100,100,0,0.0
C10476,100,100,0,0.0
C10497,100,122,22,0.22
C10525,100,100,0,0.0
C10528,100,100,0,0.0
C10531,100,100,0,0.0
C10532,100,100,0,0.0
C10548,100,100,0,0.0
C10562,100,100,0,0.0
C10591,100,100,0,0.0
C10667,100,100,0,0.0
C10680,100,100,0,0.0
C10702,100,100,0,0.0
C10804,100,100,0,0.0
C10938,100,100,0,0.0
C10972,100,100,0,0.0
C10991,100,100,0,0.0
C11001,100,100,0,0.0
C11044,100,100,0,0.0
C11165,100,100,0,0.0
C11193,100,100,0,0.0
C11203,100,100,0,0.0
C11238,100,100,0,0.0
C11258,100,100,0,0.0
C11273,100,100,0,0.0
C11294,100,100,0,0.0
C11302,100,100,0,0.0
C11308,100,100,0,0.0
C11374,100,100,0,0.0
C11425,100,54,-46,0.46
C11426,100,132,32,0.32
C11458,100,100,0,0.0
C11459,100,100,0,0.0
C11487,100,100,0,0.0
C11501,100,100,0,0.0
C11523,100,102,2,0.02
C11623,100,100,0,0.0
C11670,100,100,0,0.0
C11677,100,224,124,1.24
C11758,100,100,0,0.0
C11826,100,158,58,0.58
C11841,100,100,0,0.0
C11843,100,100,0,0.0
C11938,100,100,0,0.0
C11939,100,93,-7,0.07
C11950,100,109,9,0.09
C11953,100,101,1,0.01
C11962,100,53,-47,0.47
C11970,100,58,-42,0.42
C11977,100,100,0,0.0
C11986,100,148,48,0.48
C11988,100,145,45,0.45
C11990,100,53,-47,0.47
C12032,100,137,37,0.37
C12046,100,100,0,0.0
C12056,100,100,0,0.0
C12083,100,149,49,0.49
C12155,100,100,0,0.0
C12283,100,100,0,0.0
C12370,100,147,47,0.47
C12452,100,114,14,0.14
C12505,100,100,0,0.0
C12535,100,100,0,0.0
C12537,100,127,27,0.27
C12570,100,100,0,0.0
C12580,100,100,0,0.0
C12816,100,100,0,0.0
C12836,100,90,-10,0.1
C12905,100,100,0,0.0
C12961,100,100,0,0.0
C12995,100,100,0,0.0
C13249,100,100,0,0.0
C13383,100,100,0,0.0
C13456,100,106,6,0.06
C13594,100,100,0,0.0
C13595,100,100,0,0.0
C13622,100,93,-7,0.07
C13634,100,54,-46,0.46
C13719,100,100,0,0.0
C13733,100,100,0,0.0
C13742,100,100,0,0.0
C13743,100,100,0,0.0
C13816,100,100,0,0.0
C13846,100,100,0,0.0
C13869,100,100,0,0.0
C14007,100,100,0,0.0
C14081,100,100,0,0.0
C14083,100,87,-13,0.13
C14092,100,56,-44,0.44
C14093,100,144,44,0.44
C14102,100,58,-42,0.42
C14104,100,94,-6,0.06
C14105,100,105,5,0.05
C14106,100,39,-61,0.61
C14110,100,100,0,0.0
C14122,100,100,0,0.0
C14146,100,89,-11,0.11
C14161,100,100,0,0.0
C14204,100,100,0,0.0
C14221,100,100,0,0.0
C14230,100,100,0,0.0
C14249,100,100,0,0.0
C14251,100,100,0,0.0
C14316,100,100,0,0.0
C14373,100,100,0,0.0
C14375,100,100,0,0.0
C14377,100,100,0,0.0
C14378,100,100,0,0.0
C14379,100,100,0,0.0
C14380,100,100,0,0.0
C14448,100,100,0,0.0
C14541,100,100,0,0.0
C14542,100,100,0,0.0
C14602,100,64,-36,0.36
C14604,100,126,26,0.26
C14663,100,100,0,0.0
C14729,100,100,0,0.0
C14756,100,100,0,0.0
C14758,100,100,0,0.0
C14770,100,81,-19,0.19
C15548,100,67,-33,0.33
C15609,100,100,0,0.0
C15624,100,100,0,0.0
C15630,100,100,0,0.0
C15639,100,100,0,0.0
C15640,100,100,0,0.0
C15659,100,100,0,0.0
C15660,100,100,0,0.0
C15711,100,100,0,0.0
C15759,100,100,0,0.0
C15768,100,100,0,0.0
C15788,100,59,-41,0.41
C15870,100,100,0,0.0
C15895,100,100,0,0.0
C15985,100,90,-10,0.1
C15991,100,118,18,0.18
C16164,100,98,-2,0.02
C16170,100,80,-20,0.2
C16196,100,100,0,0.0
C16271,100,159,59,0.59
C16399,100,108,8,0.08
C16403,100,156,56,0.56
C16411,100,104,4,0.04
C16413,100,100,0,0.0
C16414,100,147,47,0.47
C16673,100,116,16,0.16
C16804,100,100,0,0.0
C16837,100,117,17,0.17
C16843,100,100,0,0.0
C16861,100,100,0,0.0
C16887,100,100,0,0.0
C16889,100,100,0,0.0
C16976,100,100,0,0.0
C17091,100,100,0,0.0
C17337,100,112,12,0.12
C17446,100,100,0,0.0
C17526,100,100,0,0.0
C17557,100,100,0,0.0
C17774,100,100,0,0.0
C17960,100,127,27,0.27
C18000,100,100,0,0.0
C18032,100,123,23,0.23
C18036,100,83,-17,0.17
C18242,100,133,33,0.33
C18244,100,154,54,0.54
C18273,100,153,53,0.53
C18385,100,100,0,0.0
C18415,100,100,0,0.0
C18474,100,100,0,0.0
C18544,100,100,0,0.0
C18552,100,100,0,0.0
C18611,100,100,0,0.0
C18621,100,100,0,0.0
C18624,100,100,0,0.0
C18655,100,100,0,0.0
C18749,100,100,0,0.0
C18776,100,100,0,0.0
C19008,100,100,0,0.0
C19018,100,100,0,0.0
C19040,100,100,0,0.0
C19104,100,100,0,0.0
C19142,100,100,0,0.0
C19150,100,100,0,0.0
C19224,100,100,0,0.0
C19261,100,100,0,0.0
C19291,100,100,0,0.0
C19293,100,100,0,0.0
C19294,100,100,0,0.0
C19295,100,100,0,0.0
C19296,100,100,0,0.0
C19297,100,100,0,0.0
C19298,100,100,0,0.0
C19299,100,100,0,0.0
C19300,100,100,0,0.0
C19301,100,100,0,0.0
C19302,100,100,0,0.0
C19303,100,100,0,0.0
C19304,100,100,0,0.0
C19305,100,100,0,0.0
C19309,100,100,0,0.0
C19310,100,100,0,0.0
C19311,100,100,0,0.0
C19312,100,100,0,0.0
C19314,100,100,0,0.0
C19315,100,100,0,0.0
C19316,100,100,0,0.0
C19317,100,100,0,0.0
C19318,100,100,0,0.0
C19319,100,100,0,0.0
C19320,100,100,0,0.0
C19321,100,100,0,0.0
C19322,100,100,0,0.0
C19323,100,100,0,0.0
C19324,100,100,0,0.0
C19325,100,100,0,0.0
C19326,100,100,0,0.0
C19327,100,100,0,0.0
C19329,100,100,0,0.0
C19331,100,100,0,0.0
C19332,100,100,0,0.0
C19333,100,100,0,0.0
C19334,100,100,0,0.0
C19335,100,100,0,0.0
C19336,100,100,0,0.0
C19337,100,100,0,0.0
C19338,100,100,0,0.0
C19339,100,100,0,0.0
C19340,100,100,0,0.0
C19341,100,100,0,0.0
C19342,100,100,0,0.0
C19343,100,100,0,0.0
C19344,100,100,0,0.0
C19345,100,100,0,0.0
C19346,100,100,0,0.0
C19347,100,100,0,0.0
C19348,100,100,0,0.0
C19349,100,100,0,0.0
C19350,100,100,0,0.0
C19351,100,100,0,0.0
C19352,100,100,0,0.0
C19353,100,100,0,0.0
C19354,100,100,0,0.0
C19355,100,100,0,0.0
C19356,100,100,0,0.0
C19357,100,100,0,0.0
C19358,100,100,0,0.0
C19359,100,100,0,0.0
C19360,100,100,0,0.0
C19361,100,100,0,0.0
C19362,100,100,0,0.0
C19363,100,100,0,0.0
C19364,100,100,0,0.0
C19365,100,100,0,0.0
C19366,100,100,0,0.0
C19367,100,100,0,0.0
C19368,100,100,0,0.0
C19369,100,100,0,0.0
C19370,100,100,0,0.0
C19371,100,100,0,0.0
C19372,100,100,0,0.0
C19373,100,100,0,0.0
C19374,100,100,0,0.0
C19375,100,100,0,0.0
C19376,100,100,0,0.0
C19377,100,100,0,0.0
C19378,100,100,0,0.0
C19379,100,100,0,0.0
C19380,100,100,0,0.0
C19381,100,100,0,0.0
C19382,100,100,0,0.0
C19383,100,100,0,0.0
C19384,100,100,0,0.0
C19385,100,100,0,0.0
C19386,100,100,0,0.0
C19387,100,100,0,0.0
C19388,100,100,0,0.0
C19389,100,100,0,0.0
C19390,100,100,0,0.0
C19391,100,100,0,0.0
C19392,100,100,0,0.0
C19393,100,100,0,0.0
C19394,100,100,0,0.0
C19395,100,100,0,0.0
C19396,100,100,0,0.0
C19397,100,100,0,0.0
C19398,100,100,0,0.0
C19399,100,100,0,0.0
C19400,100,100,0,0.0
C19401,100,100,0,0.0
C19402,100,100,0,0.0
C19403,100,100,0,0.0
C19404,100,100,0,0.0
C19405,100,100,0,0.0
C19406,100,100,0,0.0
C19407,100,100,0,0.0
C19408,100,100,0,0.0
C19409,100,100,0,0.0
C19410,100,100,0,0.0
C19411,100,100,0,0.0
C19412,100,100,0,0.0
C19413,100,100,0,0.0
C19414,100,100,0,0.0
C19415,100,100,0,0.0
C19416,100,100,0,0.0
C19417,100,100,0,0.0
C19418,100,124,24,0.24
C19439,100,100,0,0.0
C19442,100,100,0,0.0
C19495,100,100,0,0.0
C19589,100,38,-62,0.62
C19609,100,95,-5,0.05
C19610,100,96,-4,0.04
C19611,100,104,4,0.04
C19612,100,100,0,0.0
C19618,100,151,51,0.51
C19619,100,101,1,0.01
C19622,100,118,18,0.18
C19631,100,103,3,0.03
C19632,100,100,0,0.0
C19633,100,100,0,0.0
C19634,100,100,0,0.0
C19635,100,100,0,0.0
C19636,100,100,0,0.0
C19637,100,100,0,0.0
C19638,100,100,0,0.0
C19639,100,100,0,0.0
C19640,100,100,0,0.0
C19641,100,100,0,0.0
C19642,100,100,0,0.0
C19643,100,100,0,0.0
C19648,100,100,0,0.0
C19649,100,100,0,0.0
C19650,100,100,0,0.0
C19651,100,100,0,0.0
C19652,100,100,0,0.0
C19653,100,100,0,0.0
C19654,100,100,0,0.0
C19655,100,100,0,0.0
C19657,100,100,0,0.0
C19658,100,100,0,0.0
C19659,100,100,0,0.0
C19660,100,100,0,0.0
C19661,100,100,0,0.0
C19662,100,100,0,0.0
C19663,100,100,0,0.0
C19664,100,100,0,0.0
C19665,100,100,0,0.0
C19666,100,100,0,0.0
C19667,100,100,0,0.0
C19668,100,100,0,0.0
C19669,100,118,18,0.18
C19670,100,86,-14,0.14
C19673,100,87,-13,0.13
C19674,100,91,-9,0.09
C19675,100,98,-2,0.02
C19676,100,99,-1,0.01
C19677,100,101,1,0.01
C19678,100,98,-2,0.02
C19679,100,114,14,0.14
C19680,100,22,-78,0.78
C19681,100,178,78,0.78
C19682,100,66,-34,0.34
C19683,100,94,-6,0.06
C19684,100,96,-4,0.04
C19685,100,120,20,0.2
C19686,100,106,6,0.06
C19687,100,100,0,0.0
C19688,100,100,0,0.0
C19689,100,80,-20,0.2
C19690,100,110,10,0.1
C19691,100,146,46,0.46
C19693,100,97,-3,0.03
C19694,100,102,2,0.02
C19696,100,104,4,0.04
C19697,100,106,6,0.06
C19698,100,100,0,0.0
C19699,100,118,18,0.18
C19701,100,100,0,0.0
C19702,100,132,32,0.32
C19704,100,100,0,0.0
C19705,100,100,0,0.0
C19707,100,99,-1,0.01
C19708,100,101,1,0.01
C19710,100,106,6,0.06
C19711,100,100,0,0.0
C19712,100,100,0,0.0
C19713,100,100,0,0.0
C19714,100,84,-16,0.16
C19715,100,61,-39,0.39
C19716,100,100,0,0.0
C19717,100,45,-55,0.55
C19719,100,102,2,0.02
C19721,100,101,1,0.01
C19724,100,100,0,0.0
C19725,100,68,-32,0.32
C19726,100,100,0,0.0
C19727,100,100,0,0.0
C19728,100,100,0,0.0
C19729,100,100,0,0.0
C19730,100,47,-53,0.53
C19731,100,51,-49,0.49
C19732,100,100,0,0.0
C19733,100,100,0,0.0
C19735,100,128,28,0.28
C19736,100,123,23,0.23
C19739,100,100,0,0.0
C19740,100,100,0,0.0
C19741,100,102,2,0.02
C19742,100,101,1,0.01
C19743,100,101,1,0.01
C19744,100,101,1,0.01
C19745,100,148,48,0.48
C19746,100,101,1,0.01
C19747,100,102,2,0.02
C19748,100,100,0,0.0
C19749,100,101,1,0.01
C19750,100,100,0,0.0
C19752,100,139,39,0.39
C19753,100,100,0,0.0
C19754,100,100,0,0.0
C19755,100,100,0,0.0
C19756,100,102,2,0.02
C19757,100,108,8,0.08
C19758,100,55,-45,0.45
C19759,100,95,-5,0.05
C19761,100,84,-16,0.16
C19762,100,103,3,0.03
C19763,100,98,-2,0.02
C19764,100,113,13,0.13
C19765,100,108,8,0.08
C19766,100,101,1,0.01
C19767,100,104,4,0.04
C19768,100,101,1,0.01
C19769,100,99,-1,0.01
C19770,100,101,1,0.01
C19771,100,57,-43,0.43
C19772,100,100,0,0.0
C19773,100,88,-12,0.12
C19774,100,112,12,0.12
C19775,100,81,-19,0.19
C19777,100,106,6,0.06
C19778,100,85,-15,0.15
C19779,100,85,-15,0.15
C19780,100,115,15,0.15
C19782,100,81,-19,0.19
C19783,100,119,19,0.19
C19784,100,105,5,0.05
C19785,100,78,-22,0.22
C19786,100,122,22,0.22
C19787,100,71,-29,0.29
C19788,100,92,-8,0.08
C19789,100,106,6,0.06
C19791,100,110,10,0.1
C19792,100,65,-35,0.35
C19793,100,105,5,0.05
C19794,100,53,-47,0.47
C19797,100,107,7,0.07
C19798,100,99,-1,0.01
C19800,100,111,11,0.11
C19801,100,109,9,0.09
C19805,100,103,3,0.03
C19806,100,106,6,0.06
C19808,100,100,0,0.0
C19809,100,78,-22,0.22
C19810,100,117,17,0.17
C19813,100,24,-76,0.76
C19814,100,95,-5,0.05
C19815,100,66,-34,0.34
C19816,100,111,11,0.11
C19817,100,108,8,0.08
C19818,100,142,42,0.42
C19819,100,111,11,0.11
C19820,100,110,10,0.1
C19821,100,191,91,0.91
C19822,100,63,-37,0.37
C19823,100,141,41,0.41
C19826,100,142,42,0.42
C19827,100,151,51,0.51
C19828,100,50,-50,0.5
C19829,100,55,-45,0.45
C19830,100,72,-28,0.28
C19831,100,1,-99,0.99
C19832,100,108,8,0.08
C19833,100,109,9,0.09
C19834,100,132,32,0.32
C19835,100,110,10,0.1
C19836,100,74,-26,0.26
C19837,100,50,-50,0.5
C19838,100,49,-51,0.51
C80001,100,100,0,0.0
C80008,100,100,0,0.0
C80010,100,100,0,0.0
C80011,100,100,0,0.0
C80014,100,100,0,0.0
C80015,100,100,0,0.0
C80016,100,100,0,0.0
C80017,100,100,0,0.0
C80018,100,100,0,0.0
C80019,100,100,0,0.0
C80020,100,100,0,0.0
C80021,100,100,0,0.0
C80022,100,100,0,0.0
C80023,100,100,0,0.0
C80024,100,100,0,0.0
C80025,100,100,0,0.0
C80026,100,100,0,0.0
C80027,100,100,0,0.0
C80028,100,100,0,0.0
C80029,100,100,0,0.0
C80030,100,100,0,0.0
C80031,100,100,0,0.0
C80032,100,100,0,0.0
C80033,100,100,0,0.0
C80036,100,100,0,0.0
C80037,100,100,0,0.0
C80038,100,100,0,0.0
C80039,100,100,0,0.0
C80040,100,100,0,0.0
C80045,100,100,0,0.0
C80047,100,100,0,0.0
C80048,100,100,0,0.0
C80049,100,100,0,0.0
C80050,100,100,0,0.0
C80051,100,100,0,0.0
C80052,100,100,0,0.0
C80053,100,100,0,0.0
C80054,100,100,0,0.0
C80055,100,100,0,0.0
C80056,100,100,0,0.0
C80057,100,100,0,0.0
C80058,100,100,0,0.0
C80061,100,100,0,0.0
C80062,100,100,0,0.0
C80063,100,100,0,0.0
C80064,100,100,0,0.0
C80065,100,100,0,0.0
C80066,100,100,0,0.0
C80068,100,100,0,0.0
C80069,100,100,0,0.0
C90010,100,100,0,0.0
C90029,100,100,0,0.0
C90040,100,100,0,0.0
C90041,100,100,0,0.0
C90091,100,100,0,0.0
C90092,100,100,0,0.0
C90094,100,100,0,0.0
C90096,100,100,0,0.0
C90126,100,100,0,0.0
C90131,100,100,0,0.0
C90132,100,100,0,0.0
C90134,100,100,0,0.0
C90138,100,100,0,0.0
C90139,100,100,0,0.0
C90140,100,100,0,0.0
C90144,100,100,0,0.0
C90151,100,100,0,0.0
C90162,100,100,0,0.0
C90181,100,100,0,0.0
C90205,100,100,0,0.0
C90273,100,100,0,0.0
C90323,100,100,0,0.0
C90325,100,100,0,0.0
C90335,100,100,0,0.0
C90336,100,100,0,0.0
C90347,100,100,0,0.0
C90348,100,100,0,0.0
C90352,100,100,0,0.0
C90354,100,100,0,0.0
C90366,100,100,0,0.0
C90388,100,100,0,0.0
C90389,100,100,0,0.0
C90390,100,100,0,0.0
C90391,100,100,0,0.0
C90411,100,100,0,0.0
C90412,100,100,0,0.0
C90413,100,100,0,0.0
C90414,100,100,0,0.0
C90418,100,100,0,0.0
C90419,100,100,0,0.0
C90427,100,100,0,0.0
C90437,100,100,0,0.0
C90444,100,100,0,0.0
C90497,100,100,0,0.0
C90498,100,100,0,0.0
C90534,100,100,0,0.0
C90535,100,100,0,0.0
C90536,100,100,0,0.0
C90537,100,100,0,0.0
C90538,100,100,0,0.0
C90548,100,100,0,0.0
C90549,100,100,0,0.0
C90550,100,100,0,0.0
C90552,100,100,0,0.0
C90553,100,100,0,0.0
C90563,100,100,0,0.0
C90565,100,100,0,0.0
C90575,100,100,0,0.0
C90579,100,100,0,0.0
C90590,100,100,0,0.0
C90598,100,100,0,0.0
C90599,100,100,0,0.0
C90616,100,100,0,0.0
C90640,100,100,0,0.0
C90678,100,100,0,0.0
C90694,100,100,0,0.0
C90697,100,100,0,0.0
C90703,100,100,0,0.0
C90724,100,100,0,0.0
C90725,100,100,0,0.0
C90726,100,100,0,0.0
C90727,100,100,0,0.0
C90728,100,100,0,0.0
C00046,100,357,257,2.57
C00098,100,100,0,0.0
C00171,100,100,0,0.0
C00172,100,100,0,0.0
C00287,100,100,0,0.0
C00340,100,0,-100,1.0
C00351,100,100,0,0.0
C00391,100,100,0,0.0
C00393,100,100,0,0.0
C00435,100,200,100,1.0
C00444,100,100,0,0.0
C00480,100,100,0,0.0
C00496,100,116,16,0.16
C00562,100,90,-10,0.1
C00573,100,101,1,0.01
C00585,100,109,9,0.09
C00608,100,100,0,0.0
C00613,100,177,77,0.77
C00614,100,136,36,0.36
C00615,100,175,75,0.75
C00667,100,139,39,0.39
C00675,100,84,-16,0.16
C00677,100,130,30,0.3
C00685,100,132,32,0.32
C00693,100,153,53,0.53
C00721,100,186,86,0.86
C00759,100,122,22,0.22
C00775,100,100,0,0.0
C00778,100,50,-50,0.5
C00816,100,100,0,0.0
C00821,100,159,59,0.59
C00839,100,99,-1,0.01
C00856,100,100,0,0.0
C00863,100,101,1,0.01
C00868,100,49,-51,0.51
C00912,100,100,0,0.0
C00929,100,100,0,0.0
C00952,100,100,0,0.0
C00960,100,100,0,0.0
C00972,100,152,52,0.52
C00991,100,28,-72,0.72
C00999,100,198,98,0.98
C01003,100,121,21,0.21
C01016,100,100,0,0.0
C01022,100,78,-22,0.22
C01078,100,100,0,0.0
C01135,100,100,0,0.0
C01139,100,117,17,0.17
C01140,100,110,10,0.1
C01141,100,100,0,0.0
C01167,100,89,-11,0.11
C01196,100,100,0,0.0
C01199,100,100,0,0.0
C01203,100,89,-11,0.11
C01224,100,100,0,0.0
C01229,100,99,-1,0.01
C01247,100,83,-17,0.17
C01253,100,95,-5,0.05
C01256,100,107,7,0.07
C01271,100,0,-100,1.0
C01281,100,143,43,0.43
C01293,100,93,-7,0.07
C01299,100,57,-43,0.43
C01308,100,85,-15,0.15
C01334,100,104,4,0.04
C01335,100,205,105,1.05
C01392,100,101,1,0.01
C01398,100,100,0,0.0
C01491,100,100,0,0.0
C01520,100,100,0,0.0
C01599,100,145,45,0.45
C01600,100,107,7,0.07
C01609,100,95,-5,0.05
C01702,100,100,0,0.0
C01707,100,100,0,0.0
C01715,100,100,0,0.0
C01754,100,100,0,0.0
C01764,100,15,-85,0.85
C01867,100,96,-4,0.04
C01901,100,100,0,0.0
C01915,100,100,0,0.0
C01977,100,0,-100,1.0
C01978,100,146,46,0.46
C01992,100,100,0,0.0
C01997,100,117,17,0.17
C02000,100,101,1,0.01
C02002,100,100,0,0.0
C02014,100,100,0,0.0
C02023,100,100,0,0.0
C02031,100,104,4,0.04
C02058,100,100,0,0.0
C02069,100,100,0,0.0
C02089,100,101,1,0.01
C02100,100,106,6,0.06
C02128,100,102,2,0.02
C02142,100,150,50,0.5
C02174,100,100,0,0.0
C02188,100,122,22,0.22
C02248,100,145,45,0.45
C02257,100,100,0,0.0
C02270,100,76,-24,0.24
C02303,100,100,0,0.0
C02307,100,99,-1,0.01
C02308,100,102,2,0.02
C02332,100,100,0,0.0
C02339,100,83,-17,0.17
C02342,100,62,-38,0.38
C02374,100,98,-2,0.02
C02399,100,146,46,0.46
C02401,100,100,0,0.0
C02429,100,111,11,0.11
C02436,100,101,1,0.01
C02440,100,100,0,0.0
C02456,100,100,0,0.0
C02534,100,120,20,0.2
C02583,100,34,-66,0.66
C02601,100,117,17,0.17
C02671,100,110,10,0.1
C02682,100,0,-100,1.0
C02683,100,0,-100,1.0
C02688,100,100,0,0.0
C02699,100,100,0,0.0
C02705,100,82,-18,0.18
C02706,100,83,-17,0.17
C02707,100,97,-3,0.03
C02729,100,105,5,0.05
C02732,100,100,0,0.0
C02733,100,100,0,0.0
C02736,100,100,0,0.0
C02743,100,0,-100,1.0
C02745,100,145,45,0.45
C02756,100,149,49,0.49
C02758,100,100,0,0.0
C02764,100,157,57,0.57
C02789,100,100,0,0.0
C02805,100,144,44,0.44
C02816,100,100,0,0.0
C02834,100,100,0,0.0
C02840,100,100,0,0.0
C02848,100,100,0,0.0
C02851,100,100,0,0.0
C02863,100,132,32,0.32
C02869,100,55,-45,0.45
C02871,100,115,15,0.15
C02882,100,76,-24,0.24
C02900,100,75,-25,0.25
C02905,100,95,-5,0.05
C02967,100,100,0,0.0
C02986,100,41,-59,0.59
C03016,100,101,1,0.01
C03018,100,112,12,0.12
C03021,100,53,-47,0.47
C03022,100,115,15,0.15
C03024,100,114,14,0.14
C03025,100,200,100,1.0
C03029,100,42,-58,0.58
C03085,100,100,0,0.0
C03086,100,100,0,0.0
C03095,100,100,0,0.0
C03101,100,100,0,0.0
C03105,100,99,-1,0.01
C03106,100,117,17,0.17
C03110,100,100,0,0.0
C03120,100,82,-18,0.18
C03121,100,117,17,0.17
C03129,100,145,45,0.45
C03148,100,100,0,0.0
C03157,100,104,4,0.04
C03161,100,86,-14,0.14
C03162,100,0,-100,1.0
C03168,100,100,0,0.0
C03179,100,61,-39,0.39
C03185,100,87,-13,0.13
C03186,100,113,13,0.13
C03193,100,0,-100,1.0
C03236,100,100,0,0.0
C03245,100,107,7,0.07
C03259,100,100,0,0.0
C03260,100,100,0,0.0
C03268,100,118,18,0.18
C03297,100,114,14,0.14
C03302,100,100,0,0.0
C03306,100,100,0,0.0
C03315,100,105,5,0.05
C03318,100,89,-11,0.11
C03330,100,100,0,0.0
C03361,100,78,-22,0.22
C03371,100,105,5,0.05
C03378,100,100,0,0.0
C03391,100,100,0,0.0
C03412,100,114,14,0.14
C03419,100,172,72,0.72
C03422,100,118,18,0.18
C03446,100,185,85,0.85
C03454,100,151,51,0.51
C03456,100,100,0,0.0
C03457,100,100,0,0.0
C03498,100,100,0,0.0
C03517,100,88,-12,0.12
C03523,100,118,18,0.18
C03526,100,144,44,0.44
C03529,100,100,0,0.0
C03530,100,100,0,0.0
C03531,100,100,0,0.0
C03544,100,51,-49,0.49
C03566,100,100,0,0.0
C03578,100,100,0,0.0
C03597,100,115,15,0.15
C03607,100,100,0,0.0
C03617,100,112,12,0.12
C03620,100,14,-86,0.86
C03625,100,85,-15,0.15
C03631,100,100,0,0.0
C03632,100,118,18,0.18
C03635,100,101,1,0.01
C03636,100,146,46,0.46
C03638,100,95,-5,0.05
C03643,100,99,-1,0.01
C03649,100,148,48,0.48
C03701,100,85,-15,0.15
C03702,100,100,0,0.0
C03706,100,98,-2,0.02
C03707,100,111,11,0.11
C03721,100,102,2,0.02
C03740,100,58,-42,0.42
C03786,100,100,0,0.0
C03788,100,39,-61,0.61
C03792,100,106,6,0.06
C03800,100,112,12,0.12
C03803,100,94,-6,0.06
C03806,100,108,8,0.08
C03808,100,83,-17,0.17
C03859,100,100,0,0.0
C03866,100,98,-2,0.02
C03873,100,100,0,0.0
C03874,100,103,3,0.03
C03875,100,79,-21,0.21
C03880,100,82,-18,0.18
C03886,100,100,0,0.0
C03893,100,100,0,0.0
C03904,100,117,17,0.17
C03905,100,83,-17,0.17
C03922,100,95,-5,0.05
C03924,100,100,0,0.0
C03933,100,161,61,0.61
C03940,100,100,0,0.0
C03941,100,100,0,0.0
C03942,100,104,4,0.04
C03956,100,88,-12,0.12
C03959,100,96,-4,0.04
C03983,100,100,0,0.0
C04001,100,100,0,0.0
C04010,100,113,13,0.13
C04018,100,83,-17,0.17
C04021,100,100,0,0.0
C04061,100,101,1,0.01
C04072,100,100,0,0.0
C04080,100,81,-19,0.19
C04088,100,82,-18,0.18
C04090,100,83,-17,0.17
C04098,100,102,2,0.02
C04099,100,100,0,0.0
C04117,100,100,0,0.0
C04125,100,100,0,0.0
C04128,100,98,-2,0.02
C04135,100,100,0,0.0
C04141,100,100,0,0.0
C04149,100,111,11,0.11
C04152,100,100,0,0.0
C04153,100,101,1,0.01
C04154,100,101,1,0.01
C04155,100,100,0,0.0
C04156,100,100,0,0.0
C04157,100,100,0,0.0
C04158,100,101,1,0.01
C04159,100,100,0,0.0
C04160,100,100,0,0.0
C04161,100,138,38,0.38
C04195,100,83,-17,0.17
C04202,100,83,-17,0.17
C04212,100,78,-22,0.22
C04214,100,101,1,0.01
C04215,100,101,1,0.01
C04239,100,100,0,0.0
C04246,100,182,82,0.82
C04253,100,0,-100,1.0
C04258,100,88,-12,0.12
C04260,100,103,3,0.03
C04261,100,0,-100,1.0
C04262,100,125,25,0.25
C04266,100,100,0,0.0
C04276,100,56,-44,0.44
C04283,100,100,0,0.0
C04298,100,67,-33,0.33
C04312,100,95,-5,0.05
C04328,100,100,0,0.0
C04334,100,133,33,0.33
C04339,100,105,5,0.05
C04340,100,100,0,0.0
C04341,100,106,6,0.06
C04342,100,148,48,0.48
C04364,100,100,0,0.0
C04365,100,100,0,0.0
C04372,100,116,16,0.16
C04375,100,86,-14,0.14
C04381,100,50,-50,0.5
C04386,100,117,17,0.17
C04387,100,108,8,0.08
C04391,100,161,61,0.61
C04395,100,104,4,0.04
C04397,100,100,0,0.0
C04398,100,100,0,0.0
C04419,100,87,-13,0.13
C04432,100,60,-40,0.4
C04459,100,102,2,0.02
C04466,100,62,-38,0.38
C04487,100,101,1,0.01
C04506,100,66,-34,0.34
C04510,100,101,1,0.01
C04511,100,105,5,0.05
C04539,100,102,2,0.02
C04542,100,115,15,0.15
C04545,100,100,0,0.0
C04564,100,100,0,0.0
C04565,100,102,2,0.02
C04566,100,88,-12,0.12
C04570,100,200,100,1.0
C04618,100,34,-66,0.66
C04619,100,0,-100,1.0
C04620,100,30,-70,0.7
C04627,100,100,0,0.0
C04632,100,121,21,0.21
C04633,100,24,-76,0.76
C04645,100,82,-18,0.18
C04657,100,100,0,0.0
C04679,100,100,0,0.0
C04680,100,115,15,0.15
C04681,100,101,1,0.01
C04682,100,100,0,0.0
C04688,100,3,-97,0.97
C04696,100,80,-20,0.2
C04714,100,100,0,0.0
C04725,100,100,0,0.0
C04726,100,115,15,0.15
C04727,100,105,5,0.05
C04728,100,100,0,0.0
C04735,100,99,-1,0.01
C04736,100,100,0,0.0
C04747,100,100,0,0.0
C04748,100,103,3,0.03
C04749,100,102,2,0.02
C04755,100,87,-13,0.13
C04759,100,101,1,0.01
C04763,100,95,-5,0.05
C04768,100,79,-21,0.21
C04772,100,144,44,0.44
C04779,100,100,0,0.0
C04789,100,102,2,0.02
C04790,100,100,0,0.0
C04791,100,93,-7,0.07
C04799,100,103,3,0.03
C04800,100,93,-7,0.07
C04801,100,100,0,0.0
C04809,100,112,12,0.12
C04816,100,98,-2,0.02
C04817,100,85,-15,0.15
C04818,100,103,3,0.03
C04825,100,96,-4,0.04
C04827,100,100,0,0.0
C04829,100,100,0,0.0
C04848,100,52,-48,0.48
C04866,100,106,6,0.06
C04903,100,103,3,0.03
C04907,100,103,3,0.03
C04913,100,107,7,0.07
C04943,100,101,1,0.01
C05056,100,100,0,0.0
C05196,100,99,-1,0.01
C05199,100,101,1,0.01
C05209,100,0,-100,1.0
C05210,100,151,51,0.51
C05217,100,56,-44,0.44
C05218,100,144,44,0.44
C05223,100,24,-76,0.76
C05234,100,99,-1,0.01
C05241,100,100,0,0.0
C05250,100,90,-10,0.1
C05319,100,101,1,0.01
C05326,100,110,10,0.1
C05365,100,100,0,0.0
C05426,100,100,0,0.0
C05524,100,84,-16,0.16
C05606,100,100,0,0.0
C05615,100,100,0,0.0
C05675,100,99,-1,0.01
C05676,100,183,83,0.83
C05677,100,149,49,0.49
C05681,100,155,55,0.55
C05718,100,156,56,0.56
C05737,100,100,0,0.0
C05751,100,164,64,0.64
C05783,100,152,52,0.52
C05784,100,153,53,0.53
C05847,100,27,-73,0.73
C05869,100,132,32,0.32
C05896,100,100,0,0.0
C05976,100,111,11,0.11
C05981,100,64,-36,0.36
C06020,100,132,32,0.32
C06036,100,50,-50,0.5
C06041,100,65,-35,0.35
C06042,100,156,56,0.56
C06059,100,108,8,0.08
C06127,100,101,1,0.01
C06129,100,85,-15,0.15
C06150,100,100,0,0.0
C06250,100,194,94,0.94
C06254,100,141,41,0.41
C06272,100,100,0,0.0
C06297,100,100,0,0.0
C06300,100,100,0,0.0
C06302,100,100,0,0.0
C06362,100,100,0,0.0
C06363,100,112,12,0.12
C06365,100,84,-16,0.16
C06378,100,85,-15,0.15
C06395,100,49,-51,0.51
C06396,100,151,51,0.51
C06409,100,100,0,0.0
C06410,100,100,0,0.0
C06412,100,110,10,0.1
C06443,100,100,0,0.0
C06479,100,99,-1,0.01
C06567,100,127,27,0.27
C06705,100,100,0,0.0
C06706,100,100,0,0.0
C06741,100,87,-13,0.13
C07281,100,66,-34,0.34
C07282,100,186,86,0.86
C07291,100,101,1,0.01
C07292,100,1,-99,0.99
C07293,100,199,99,0.99
C07300,100,113,13,0.13
C07305,100,105,5,0.05
C07897,100,100,0,0.0
C07903,100,100,0,0.0
C08822,100,100,0,0.0
C08827,100,100,0,0.0
C10905,100,92,-8,0.08
C11349,100,90,-10,0.1
C11385,100,100,0,0.0
C11439,100,79,-21,0.21
C11440,100,121,21,0.21
C11444,100,100,0,0.0
C11463,100,100,0,0.0
C11464,100,100,0,0.0
C11477,100,134,34,0.34
C11524,100,87,-13,0.13
C11531,100,88,-12,0.12
C11547,100,95,-5,0.05
C11548,100,105,5,0.05
C11549,100,124,24,0.24
C11551,100,113,13,0.13
C11557,100,128,28,0.28
C11614,100,100,0,0.0
C11824,100,100,0,0.0
C12482,100,100,0,0.0
C13924,100,100,0,0.0
C15487,100,100,0,0.0
C15528,100,99,-1,0.01
C15539,100,71,-29,0.29
C15564,100,63,-37,0.37
C15565,100,101,1,0.01
C15585,100,88,-12,0.12
C15596,100,79,-21,0.21
C15597,100,121,21,0.21
C15804,100,149,49,0.49
C15811,100,148,48,0.48
C15812,100,52,-48,0.48
C15815,100,100,0,0.0
C15848,100,100,0,0.0
C16004,100,100,0,0.0
C16036,100,100,0,0.0
C16051,100,100,0,0.0
C16116,100,107,7,0.07
C16139,100,96,-4,0.04
C16636,100,100,0,0.0
C16736,100,32,-68,0.68
C16739,100,101,1,0.01
C16740,100,100,0,0.0
C16830,100,105,5,0.05
C17142,100,101,1,0.01
C17378,100,108,8,0.08
C17937,100,140,40,0.4
C18125,100,77,-23,0.23
C18161,100,98,-2,0.02
C18182,100,100,0,0.0
C18199,100,100,0,0.0
C18227,100,100,0,0.0
C18288,100,100,0,0.0
C18289,100,100,0,0.0
C18290,100,100,0,0.0
C18291,100,100,0,0.0
C18292,100,100,0,0.0
C18990,100,100,0,0.0
C18991,100,100,0,0.0
C18994,100,100,0,0.0
C18995,100,100,0,0.0
C18996,100,100,0,0.0
C18997,100,100,0,0.0
C18998,100,100,0,0.0
C19292,100,100,0,0.0
C19308,100,100,0,0.0
C19313,100,100,0,0.0
C19328,100,100,0,0.0
C19330,100,100,0,0.0
C19576,100,100,0,0.0
C19630,100,150,50,0.5
C19645,100,99,-1,0.01
C19646,100,101,1,0.01
C19671,100,86,-14,0.14
C19672,100,114,14,0.14
C19692,100,100,0,0.0
C19718,100,100,0,0.0
C19722,100,97,-3,0.03
C19723,100,101,1,0.01
C19751,100,100,0,0.0
C19760,100,0,-100,1.0
C19776,100,82,-18,0.18
C19790,100,90,-10,0.1
C19802,100,90,-10,0.1
C19803,100,88,-12,0.12
C19804,100,78,-22,0.22
C19824,100,55,-45,0.45
C19825,100,145,45,0.45
C80002,100,100,0,0.0
C80003,100,100,0,0.0
C80004,100,100,0,0.0
C80005,100,100,0,0.0
C80006,100,100,0,0.0
C80007,100,100,0,0.0
C80009,100,100,0,0.0
C80012,100,100,0,0.0
C80013,100,100,0,0.0
C80034,100,100,0,0.0
C80035,100,100,0,0.0
C80041,100,100,0,0.0
C80042,100,100,0,0.0
C80043,100,100,0,0.0
C80046,100,100,0,0.0
C80059,100,100,0,0.0
C80060,100,100,0,0.0
C80067,100,100,0,0.0
C90073,100,100,0,0.0
C90316,100,100,0,0.0
C90350,100,100,0,0.0
C90438,100,100,0,0.0
C90439,100,100,0,0.0
C90445,100,100,0,0.0
C21263,100,119,19,0.19
C20851,100,100,0,0.0
C00367,100,100,0,0.0
C01002,100,100,0,0.0
C03735,100,154,54,0.54
C06836,100,100,0,0.0
C06867,100,100,0,0.0
C07002,100,100,0,0.0
C07013,100,100,0,0.0
C07018,100,100,0,0.0
C07019,100,100,0,0.0
C07058,100,100,0,0.0
C07138,100,100,0,0.0
C12694,100,100,0,0.0
C12861,100,100,0,0.0
C13141,100,100,0,0.0
C13252,100,49,-51,0.51
C13364,100,100,0,0.0
C13470,100,100,0,0.0
C13480,100,100,0,0.0
C13557,100,100,0,0.0
C16851,100,100,0,0.0
C16854,100,100,0,0.0
C16871,100,100,0,0.0
C16872,100,100,0,0.0
C16876,100,100,0,0.0
C16877,100,100,0,0.0
C16878,100,100,0,0.0
C16881,100,100,0,0.0
C16892,100,100,0,0.0
C16899,100,100,0,0.0
C16901,100,100,0,0.0
C16902,100,100,0,0.0
C16904,100,100,0,0.0
C16905,100,100,0,0.0
C17004,100,100,0,0.0
C17116,100,100,0,0.0
C17117,100,100,0,0.0
C17118,100,100,0,0.0
C17121,100,100,0,0.0
C17127,100,100,0,0.0
C17132,100,100,0,0.0
C17133,100,100,0,0.0
C17177,100,100,0,0.0
C17179,100,100,0,0.0
C17181,100,100,0,0.0
C17184,100,100,0,0.0
C17193,100,100,0,0.0
C17208,100,100,0,0.0
C17278,100,100,0,0.0
C17279,100,100,0,0.0
C17349,100,144,44,0.44
C17407,100,100,0,0.0
C17485,100,100,0,0.0
C17613,100,100,0,0.0
C17677,100,100,0,0.0
C17691,100,107,7,0.07
C17692,100,58,-42,0.42
C17693,100,92,-8,0.08
C17694,100,39,-61,0.61
C17695,100,94,-6,0.06
C17696,100,148,48,0.48
C17697,100,0,-100,1.0
C17698,100,116,16,0.16
C17699,100,140,40,0.4
C17700,100,111,11,0.11
C17760,100,100,0,0.0
C17761,100,100,0,0.0
C17762,100,100,0,0.0
C17763,100,100,0,0.0
C17766,100,100,0,0.0
C17769,100,100,0,0.0
C17791,100,100,0,0.0
C17792,100,100,0,0.0
C17793,100,100,0,0.0
C17794,100,100,0,0.0
C17799,100,100,0,0.0
C17800,100,100,0,0.0
C17801,100,100,0,0.0
C17802,100,100,0,0.0
C17805,100,100,0,0.0
C17806,100,100,0,0.0
C17807,100,100,0,0.0
C17815,100,100,0,0.0
C17816,100,100,0,0.0
C17817,100,100,0,0.0
C17818,100,100,0,0.0
C17819,100,100,0,0.0
C17820,100,100,0,0.0
C17828,100,100,0,0.0
C17829,100,100,0,0.0
C17830,100,100,0,0.0
C17831,100,100,0,0.0
C17832,100,100,0,0.0
C17833,100,100,0,0.0
C17836,100,100,0,0.0
C17837,100,100,0,0.0
C17838,100,100,0,0.0
C17839,100,100,0,0.0
C17841,100,100,0,0.0
C17842,100,100,0,0.0
C17845,100,100,0,0.0
C17848,100,100,0,0.0
C17849,100,100,0,0.0
C17850,100,100,0,0.0
C17851,100,100,0,0.0
C17852,100,100,0,0.0
C17853,100,100,0,0.0
C17854,100,100,0,0.0
C17855,100,100,0,0.0
C17856,100,100,0,0.0
C17857,100,100,0,0.0
C17861,100,100,0,0.0
C17862,100,100,0,0.0
C17863,100,100,0,0.0
C17864,100,100,0,0.0
C17866,100,100,0,0.0
C17867,100,100,0,0.0
C17868,100,100,0,0.0
C17870,100,100,0,0.0
C17871,100,100,0,0.0
C17872,100,100,0,0.0
C17873,100,100,0,0.0
C17874,100,100,0,0.0
C17880,100,100,0,0.0
C17885,100,100,0,0.0
C17886,100,100,0,0.0
C17887,100,100,0,0.0
C17888,100,100,0,0.0
C17892,100,100,0,0.0
C17893,100,100,0,0.0
C17894,100,100,0,0.0
C17895,100,100,0,0.0
C17896,100,100,0,0.0
C17897,100,100,0,0.0
C17905,100,100,0,0.0
C17906,100,100,0,0.0
C17907,100,100,0,0.0
C17908,100,100,0,0.0
C17909,100,100,0,0.0
C17910,100,100,0,0.0
C17911,100,100,0,0.0
C18846,100,98,-2,0.02
C19600,100,100,0,0.0
C19601,100,100,0,0.0
C19647,100,106,6,0.06
C19796,100,103,3,0.03
C19811,100,100,0,0.0
C19812,100,100,0,0.0
C19840,100,103,3,0.03
C19841,100,96,-4,0.04
C19842,100,100,0,0.0
C19843,100,100,0,0.0
C19844,100,111,11,0.11
C19845,100,63,-37,0.37
C19846,100,137,37,0.37
C19848,100,71,-29,0.29
C19850,100,102,2,0.02
C19851,100,100,0,0.0
C19853,100,100,0,0.0
C19854,100,95,-5,0.05
C19855,100,100,0,0.0
C19856,100,97,-3,0.03
C19857,100,61,-39,0.39
C19861,100,101,1,0.01
C19862,100,106,6,0.06
C19863,100,63,-37,0.37
C19864,100,89,-11,0.11
C19865,100,99,-1,0.01
C19866,100,100,0,0.0
C19867,100,97,-3,0.03
C19868,100,100,0,0.0
C19869,100,101,1,0.01
C19870,100,147,47,0.47
C19871,100,101,1,0.01
C19877,100,103,3,0.03
C19878,100,138,38,0.38
C19879,100,88,-12,0.12
C19880,100,108,8,0.08
C19881,100,105,5,0.05
C19882,100,144,44,0.44
C19883,100,129,29,0.29
C19884,100,112,12,0.12
C19885,100,132,32,0.32
C19886,100,98,-2,0.02
C19887,100,50,-50,0.5
C19888,100,98,-2,0.02
C19889,100,139,39,0.39
C19890,100,135,35,0.35
C19891,100,90,-10,0.1
C19892,100,99,-1,0.01
C19893,100,100,0,0.0
C19894,100,67,-33,0.33
C19896,100,99,-1,0.01
C19897,100,100,0,0.0
C19898,100,100,0,0.0
C19899,100,100,0,0.0
C19901,100,100,0,0.0
C19904,100,100,0,0.0
C19905,100,100,0,0.0
C19906,100,100,0,0.0
C19907,100,154,54,0.54
C19908,100,101,1,0.01
C19909,100,53,-47,0.47
C19910,100,147,47,0.47
C19911,100,101,1,0.01
C19912,100,100,0,0.0
C19914,100,100,0,0.0
C19916,100,100,0,0.0
C19918,100,111,11,0.11
C19919,100,100,0,0.0
C19920,100,100,0,0.0
C19921,100,100,0,0.0
C19922,100,100,0,0.0
C19923,100,100,0,0.0
C19924,100,100,0,0.0
C19925,100,100,0,0.0
C19926,100,100,0,0.0
C19927,100,100,0,0.0
C19928,100,100,0,0.0
C19929,100,101,1,0.01
C19930,100,100,0,0.0
C19931,100,73,-27,0.27
C19932,100,127,27,0.27
C19933,100,100,0,0.0
C19934,100,53,-47,0.47
C19935,100,79,-21,0.21
C19936,100,100,0,0.0
C19937,100,100,0,0.0
C19938,100,101,1,0.01
C19939,100,57,-43,0.43
C19940,100,100,0,0.0
C19941,100,100,0,0.0
C19942,100,101,1,0.01
C19943,100,100,0,0.0
C19944,100,156,56,0.56
C19945,100,61,-39,0.39
C19946,100,114,14,0.14
C19947,100,72,-28,0.28
C19948,100,100,0,0.0
C19950,100,100,0,0.0
C19951,100,100,0,0.0
C19955,100,100,0,0.0
C19956,100,100,0,0.0
C19957,100,100,0,0.0
C19958,100,100,0,0.0
C19959,100,100,0,0.0
C19960,100,161,61,0.61
C19961,100,76,-24,0.24
C19962,100,110,10,0.1
C19963,100,117,17,0.17
C19964,100,116,16,0.16
C19965,100,78,-22,0.22
C19966,100,122,22,0.22
C19967,100,61,-39,0.39
C19968,100,142,42,0.42
C19969,100,88,-12,0.12
C19970,100,112,12,0.12
C19973,100,83,-17,0.17
C19974,100,119,19,0.19
C19975,100,123,23,0.23
C19976,100,100,0,0.0
C19978,100,100,0,0.0
C19979,100,100,0,0.0
C19982,100,100,0,0.0
C19983,100,100,0,0.0
C19985,100,100,0,0.0
C19986,100,100,0,0.0
C19987,100,100,0,0.0
C19988,100,100,0,0.0
C19992,100,100,0,0.0
C19993,100,100,0,0.0
C19995,100,100,0,0.0
C19997,100,100,0,0.0
C19998,100,100,0,0.0
C20000,100,100,0,0.0
C20001,100,100,0,0.0
C20002,100,100,0,0.0
C20003,100,100,0,0.0
C20004,100,100,0,0.0
C20005,100,100,0,0.0
C20007,100,100,0,0.0
C20011,100,100,0,0.0
C20012,100,100,0,0.0
C20014,100,100,0,0.0
C20015,100,100,0,0.0
C20016,100,100,0,0.0
C20019,100,100,0,0.0
C20020,100,100,0,0.0
C20021,100,100,0,0.0
C20024,100,100,0,0.0
C20026,100,100,0,0.0
C20027,100,100,0,0.0
C20028,100,100,0,0.0
C20029,100,100,0,0.0
C20030,100,100,0,0.0
C20031,100,100,0,0.0
C20032,100,100,0,0.0
C20033,100,100,0,0.0
C20034,100,100,0,0.0
C20035,100,100,0,0.0
C20036,100,100,0,0.0
C20037,100,100,0,0.0
C20038,100,100,0,0.0
C20039,100,100,0,0.0
C20040,100,100,0,0.0
C20041,100,100,0,0.0
C20042,100,100,0,0.0
C20043,100,100,0,0.0
C20046,100,100,0,0.0
C20047,100,100,0,0.0
C20048,100,100,0,0.0
C20049,100,100,0,0.0
C20050,100,100,0,0.0
C20051,100,100,0,0.0
C20052,100,100,0,0.0
C20053,100,100,0,0.0
C20054,100,100,0,0.0
C20055,100,100,0,0.0
C20056,100,100,0,0.0
C20057,100,100,0,0.0
C20058,100,100,0,0.0
C20060,100,100,0,0.0
C20061,100,100,0,0.0
C20062,100,57,-43,0.43
C20063,100,100,0,0.0
C20064,100,100,0,0.0
C20065,100,100,0,0.0
C20066,100,100,0,0.0
C20067,100,100,0,0.0
C20068,100,100,0,0.0
C20069,100,100,0,0.0
C20070,100,100,0,0.0
C20073,100,100,0,0.0
C20077,100,100,0,0.0
C20078,100,100,0,0.0
C20079,100,100,0,0.0
C20080,100,100,0,0.0
C20081,100,100,0,0.0
C20083,100,106,6,0.06
C20084,100,100,0,0.0
C20085,100,100,0,0.0
C20086,100,100,0,0.0
C20087,100,100,0,0.0
C20088,100,100,0,0.0
C20089,100,100,0,0.0
C20090,100,100,0,0.0
C20091,100,100,0,0.0
C20092,100,100,0,0.0
C20095,100,100,0,0.0
C20096,100,100,0,0.0
C20097,100,100,0,0.0
C20098,100,100,0,0.0
C20099,100,100,0,0.0
C20100,100,100,0,0.0
C20101,100,100,0,0.0
C20102,100,100,0,0.0
C20103,100,100,0,0.0
C20104,100,100,0,0.0
C20105,100,100,0,0.0
C20106,100,100,0,0.0
C20107,100,100,0,0.0
C20108,100,100,0,0.0
C20109,100,100,0,0.0
C20110,100,100,0,0.0
C20111,100,100,0,0.0
C20112,100,100,0,0.0
C20113,100,100,0,0.0
C20114,100,100,0,0.0
C20115,100,100,0,0.0
C20116,100,100,0,0.0
C20117,100,100,0,0.0
C20118,100,100,0,0.0
C20119,100,100,0,0.0
C20120,100,85,-15,0.15
C20122,100,100,0,0.0
C20124,100,100,0,0.0
C20125,100,100,0,0.0
C20126,100,100,0,0.0
C20127,100,100,0,0.0
C20128,100,100,0,0.0
C20129,100,100,0,0.0
C20130,100,100,0,0.0
C20131,100,100,0,0.0
C20133,100,100,0,0.0
C20134,100,108,8,0.08
C20135,100,126,26,0.26
C20136,100,73,-27,0.27
C20139,100,97,-3,0.03
C20141,100,100,0,0.0
C20143,100,100,0,0.0
C20144,100,112,12,0.12
C20145,100,116,16,0.16
C20146,100,100,0,0.0
C20147,100,99,-1,0.01
C20148,100,101,1,0.01
C20149,100,61,-39,0.39
C20150,100,100,0,0.0
C20151,100,52,-48,0.48
C20152,100,100,0,0.0
C20153,100,100,0,0.0
C20154,100,101,1,0.01
C20155,100,92,-8,0.08
C20156,100,111,11,0.11
C20158,100,106,6,0.06
C20159,100,102,2,0.02
C20160,100,100,0,0.0
C20161,100,102,2,0.02
C20162,100,101,1,0.01
C20163,100,100,0,0.0
C20165,100,100,0,0.0
C20166,100,100,0,0.0
C20168,100,100,0,0.0
C20169,100,100,0,0.0
C20170,100,100,0,0.0
C20171,100,100,0,0.0
C20172,100,101,1,0.01
C20173,100,100,0,0.0
C20174,100,100,0,0.0
C20175,100,101,1,0.01
C20176,100,97,-3,0.03
C20177,100,100,0,0.0
C20178,100,102,2,0.02
C20179,100,101,1,0.01
C20180,100,100,0,0.0
C20181,100,101,1,0.01
C20182,100,103,3,0.03
C20183,100,118,18,0.18
C20184,100,101,1,0.01
C20185,100,118,18,0.18
C20186,100,149,49,0.49
C20187,100,108,8,0.08
C20188,100,112,12,0.12
C20189,100,111,11,0.11
C20190,100,63,-37,0.37
C20191,100,107,7,0.07
C20192,100,105,5,0.05
C20193,100,116,16,0.16
C20194,100,108,8,0.08
C20195,100,108,8,0.08
C20196,100,100,0,0.0
C20197,100,100,0,0.0
C20198,100,121,21,0.21
C20200,100,116,16,0.16
C20201,100,147,47,0.47
C20202,100,100,0,0.0
C20204,100,100,0,0.0
C20205,100,100,0,0.0
C20206,100,100,0,0.0
C20207,100,100,0,0.0
C20208,100,100,0,0.0
C20209,100,100,0,0.0
C20211,100,100,0,0.0
C20213,100,100,0,0.0
C20215,100,100,0,0.0
C20216,100,100,0,0.0
C20217,100,100,0,0.0
C20218,100,100,0,0.0
C20219,100,100,0,0.0
C20221,100,102,2,0.02
C20222,100,96,-4,0.04
C20223,100,102,2,0.02
C20224,100,117,17,0.17
C20225,100,88,-12,0.12
C20227,100,82,-18,0.18
C20228,100,74,-26,0.26
C20229,100,94,-6,0.06
C20231,100,9,-91,0.91
C20232,100,66,-34,0.34
C20233,100,100,0,0.0
C20234,100,100,0,0.0
C20235,100,79,-21,0.21
C20236,100,105,5,0.05
C20237,100,123,23,0.23
C20238,100,88,-12,0.12
C20239,100,60,-40,0.4
C20240,100,161,61,0.61
C20241,100,103,3,0.03
C20242,100,107,7,0.07
C20243,100,121,21,0.21
C20244,100,107,7,0.07
C20245,100,100,0,0.0
C20247,100,171,71,0.71
C20248,100,140,40,0.4
C20249,100,93,-7,0.07
C20250,100,134,34,0.34
C20251,100,61,-39,0.39
C20253,100,133,33,0.33
C20254,100,138,38,0.38
C20256,100,100,0,0.0
C20258,100,148,48,0.48
C20260,100,120,20,0.2
C20261,100,80,-20,0.2
C20263,100,73,-27,0.27
C20264,100,100,0,0.0
C20267,100,117,17,0.17
C20268,100,100,0,0.0
C20269,100,100,0,0.0
C20270,100,0,-100,1.0
C20271,100,100,0,0.0
C20272,100,103,3,0.03
C20273,100,101,1,0.01
C20274,100,100,0,0.0
C20275,100,100,0,0.0
C20276,100,187,87,0.87
C20277,100,130,30,0.3
C20278,100,100,0,0.0
C20279,100,102,2,0.02
C20280,100,100,0,0.0
C20281,100,100,0,0.0
C20282,100,100,0,0.0
C20283,100,100,0,0.0
C20284,100,100,0,0.0
C20285,100,100,0,0.0
C20289,100,100,0,0.0
C20292,100,100,0,0.0
C20293,100,100,0,0.0
C20294,100,100,0,0.0
C20295,100,100,0,0.0
C20296,100,100,0,0.0
C20298,100,100,0,0.0
C20299,100,118,18,0.18
C20300,100,100,0,0.0
C20301,100,100,0,0.0
C20302,100,100,0,0.0
C20303,100,80,-20,0.2
C20304,100,100,0,0.0
C20305,100,100,0,0.0
C20306,100,100,0,0.0
C20307,100,100,0,0.0
C20308,100,118,18,0.18
C20309,100,100,0,0.0
C20310,100,100,0,0.0
C20311,100,100,0,0.0
C20312,100,58,-42,0.42
C20313,100,100,0,0.0
C20314,100,100,0,0.0
C20315,100,57,-43,0.43
C20317,100,100,0,0.0
C20318,100,100,0,0.0
C20319,100,100,0,0.0
C20320,100,100,0,0.0
C20322,100,100,0,0.0
C20323,100,100,0,0.0
C20324,100,100,0,0.0
C20325,100,82,-18,0.18
C20326,100,101,1,0.01
C20327,100,60,-40,0.4
C20329,100,62,-38,0.38
C20330,100,56,-44,0.44
C20331,100,100,0,0.0
C20332,100,100,0,0.0
C20334,100,100,0,0.0
C20335,100,100,0,0.0
C20336,100,100,0,0.0
C20337,100,100,0,0.0
C20338,100,100,0,0.0
C20342,100,100,0,0.0
C20343,100,100,0,0.0
C20344,100,100,0,0.0
C20345,100,137,37,0.37
C20346,100,100,0,0.0
C20347,100,100,0,0.0
C20349,100,100,0,0.0
C20350,100,65,-35,0.35
C20351,100,109,9,0.09
C20352,100,157,57,0.57
C20353,100,82,-18,0.18
C20354,100,46,-54,0.54
C20355,100,100,0,0.0
C20356,100,100,0,0.0
C20358,100,100,0,0.0
C20359,100,125,25,0.25
C20360,100,100,0,0.0
C20361,100,100,0,0.0
C20362,100,100,0,0.0
C20363,100,100,0,0.0
C20364,100,100,0,0.0
C20365,100,100,0,0.0
C20366,100,127,27,0.27
C20367,100,59,-41,0.41
C20368,100,96,-4,0.04
C20369,100,119,19,0.19
C20370,100,85,-15,0.15
C20371,100,113,13,0.13
C20372,100,76,-24,0.24
C20373,100,89,-11,0.11
C20374,100,105,5,0.05
C20375,100,134,34,0.34
C20376,100,65,-35,0.35
C20377,100,93,-7,0.07
C20378,100,99,-1,0.01
C20379,100,86,-14,0.14
C20380,100,115,15,0.15
C20381,100,68,-32,0.32
C20382,100,116,16,0.16
C20383,100,85,-15,0.15
C20384,100,100,0,0.0
C20386,100,58,-42,0.42
C20387,100,100,0,0.0
C20388,100,100,0,0.0
C20389,100,100,0,0.0
C20390,100,73,-27,0.27
C20394,100,97,-3,0.03
C20395,100,66,-34,0.34
C20396,100,98,-2,0.02
C20397,100,100,0,0.0
C20398,100,101,1,0.01
C20399,100,99,-1,0.01
C20400,100,106,6,0.06
C20402,100,100,0,0.0
C20403,100,94,-6,0.06
C20404,100,142,42,0.42
C20405,100,101,1,0.01
C20406,100,103,3,0.03
C20407,100,100,0,0.0
C20408,100,34,-66,0.66
C20409,100,162,62,0.62
C20410,100,57,-43,0.43
C20411,100,101,1,0.01
C20412,100,100,0,0.0
C20413,100,44,-56,0.56
C20414,100,101,1,0.01
C20415,100,63,-37,0.37
C20416,100,131,31,0.31
C20417,100,152,52,0.52
C20418,100,104,4,0.04
C20419,100,104,4,0.04
C20420,100,63,-37,0.37
C20421,100,134,34,0.34
C20422,100,82,-18,0.18
C20423,100,119,19,0.19
C20424,100,112,12,0.12
C20425,100,100,0,0.0
C20426,100,100,0,0.0
C20427,100,103,3,0.03
C20428,100,100,0,0.0
C20429,100,100,0,0.0
C20430,100,100,0,0.0
C20431,100,100,0,0.0
C20432,100,74,-26,0.26
C20433,100,100,0,0.0
C20434,100,101,1,0.01
C20435,100,100,0,0.0
C20436,100,120,20,0.2
C20437,100,136,36,0.36
C20438,100,100,0,0.0
C20440,100,62,-38,0.38
C20442,100,100,0,0.0
C20443,100,155,55,0.55
C20444,100,154,54,0.54
C20445,100,99,-1,0.01
C20446,100,147,47,0.47
C20447,100,88,-12,0.12
C20449,100,83,-17,0.17
C20450,100,57,-43,0.43
C20451,100,112,12,0.12
C20452,100,121,21,0.21
C20453,100,100,0,0.0
C20454,100,99,-1,0.01
C20455,100,149,49,0.49
C20456,100,84,-16,0.16
C20457,100,155,55,0.55
C20458,100,115,15,0.15
C20459,100,85,-15,0.15
C20460,100,134,34,0.34
C20461,100,116,16,0.16
C20463,100,63,-37,0.37
C20464,100,144,44,0.44
C20467,100,107,7,0.07
C20468,100,105,5,0.05
C20469,100,121,21,0.21
C20470,100,48,-52,0.52
C20471,100,102,2,0.02
C20472,100,100,0,0.0
C20473,100,100,0,0.0
C20474,100,100,0,0.0
C20475,100,51,-49,0.49
C20476,100,100,0,0.0
C20477,100,100,0,0.0
C20478,100,100,0,0.0
C20479,100,102,2,0.02
C20480,100,100,0,0.0
C20481,100,136,36,0.36
C20483,100,41,-59,0.59
C20485,100,55,-45,0.45
C20486,100,131,31,0.31
C20487,100,117,17,0.17
C20488,100,114,14,0.14
C20492,100,102,2,0.02
C20495,100,115,15,0.15
C20497,100,83,-17,0.17
C20498,100,150,50,0.5
C20499,100,79,-21,0.21
C20500,100,90,-10,0.1
C20501,100,94,-6,0.06
C20502,100,76,-24,0.24
C20503,100,125,25,0.25
C20504,100,75,-25,0.25
C20505,100,110,10,0.1
C20506,100,61,-39,0.39
C20507,100,85,-15,0.15
C20508,100,105,5,0.05
C20509,100,114,14,0.14
C20510,100,100,0,0.0
C20511,100,99,-1,0.01
C20512,100,101,1,0.01
C20513,100,99,-1,0.01
C20514,100,114,14,0.14
C20515,100,100,0,0.0
C20516,100,131,31,0.31
C20517,100,100,0,0.0
C20518,100,89,-11,0.11
C20519,100,118,18,0.18
C20520,100,102,2,0.02
C20521,100,98,-2,0.02
C20522,100,92,-8,0.08
C20526,100,56,-44,0.44
C20527,100,144,44,0.44
C20528,100,137,37,0.37
C20529,100,47,-53,0.53
C20530,100,152,52,0.52
C20531,100,101,1,0.01
C20532,100,100,0,0.0
C20533,100,100,0,0.0
C20534,100,60,-40,0.4
C20535,100,101,1,0.01
C20542,100,155,55,0.55
C20545,100,98,-2,0.02
C20548,100,99,-1,0.01
C20550,100,101,1,0.01
C20551,100,100,0,0.0
C20552,100,145,45,0.45
C20553,100,100,0,0.0
C20554,100,97,-3,0.03
C20555,100,103,3,0.03
C20558,100,100,0,0.0
C20559,100,94,-6,0.06
C20560,100,97,-3,0.03
C20561,100,104,4,0.04
C20562,100,145,45,0.45
C20563,100,97,-3,0.03
C20564,100,104,4,0.04
C20565,100,79,-21,0.21
C20566,100,116,16,0.16
C20567,100,65,-35,0.35
C20568,100,98,-2,0.02
C20569,100,130,30,0.3
C20570,100,100,0,0.0
C20572,100,100,0,0.0
C20573,100,100,0,0.0
C20574,100,139,39,0.39
C20575,100,85,-15,0.15
C20576,100,100,0,0.0
C20577,100,55,-45,0.45
C20578,100,145,45,0.45
C20579,100,101,1,0.01
C20580,100,102,2,0.02
C20581,100,125,25,0.25
C20582,100,138,38,0.38
C20583,100,56,-44,0.44
C20584,100,100,0,0.0
C20587,100,68,-32,0.32
C20588,100,100,0,0.0
C20589,100,47,-53,0.53
C20590,100,100,0,0.0
C20591,100,100,0,0.0
C20592,100,100,0,0.0
C20593,100,0,-100,1.0
C20594,100,102,2,0.02
C20595,100,101,1,0.01
C20596,100,135,35,0.35
C20597,100,100,0,0.0
C20598,100,100,0,0.0
C20600,100,100,0,0.0
C20601,100,135,35,0.35
C20602,100,100,0,0.0
C20603,100,100,0,0.0
C20604,100,100,0,0.0
C20605,100,97,-3,0.03
C20607,100,102,2,0.02
C20608,100,79,-21,0.21
C20609,100,121,21,0.21
C20612,100,116,16,0.16
C20613,100,84,-16,0.16
C20614,100,118,18,0.18
C20615,100,100,0,0.0
C20616,100,130,30,0.3
C20617,100,103,3,0.03
C20618,100,104,4,0.04
C20619,100,102,2,0.02
C20620,100,130,30,0.3
C20621,100,101,1,0.01
C20622,100,83,-17,0.17
C20623,100,100,0,0.0
C20624,100,100,0,0.0
C20625,100,116,16,0.16
C20626,100,105,5,0.05
C20627,100,51,-49,0.49
C20628,100,106,6,0.06
C20629,100,100,0,0.0
C20630,100,103,3,0.03
C20631,100,100,0,0.0
C20632,100,101,1,0.01
C20633,100,100,0,0.0
C20634,100,120,20,0.2
C20635,100,100,0,0.0
C20636,100,102,2,0.02
C20637,100,102,2,0.02
C20638,100,71,-29,0.29
C20639,100,66,-34,0.34
C20640,100,100,0,0.0
C20641,100,45,-55,0.55
C20642,100,143,43,0.43
C20643,100,171,71,0.71
C20644,100,5,-95,0.95
C20645,100,100,0,0.0
C20646,100,115,15,0.15
C20647,100,100,0,0.0
C20648,100,99,-1,0.01
C20649,100,100,0,0.0
C20650,100,58,-42,0.42
C20651,100,144,44,0.44
C20652,100,100,0,0.0
C20653,100,52,-48,0.48
C20654,100,146,46,0.46
C20655,100,70,-30,0.3
C20656,100,61,-39,0.39
C20657,100,85,-15,0.15
C20658,100,79,-21,0.21
C20659,100,100,0,0.0
C20660,100,100,0,0.0
C20661,100,100,0,0.0
C20662,100,100,0,0.0
C20663,100,99,-1,0.01
C20664,100,105,5,0.05
C20665,100,100,0,0.0
C20666,100,101,1,0.01
C20667,100,100,0,0.0
C20668,100,134,34,0.34
C20669,100,100,0,0.0
C20670,100,100,0,0.0
C20672,100,112,12,0.12
C20673,100,100,0,0.0
C20674,100,111,11,0.11
C20675,100,94,-6,0.06
C20676,100,106,6,0.06
C20677,100,102,2,0.02
C20678,100,122,22,0.22
C20679,100,100,0,0.0
C20680,100,141,41,0.41
C20681,100,105,5,0.05
C20682,100,144,44,0.44
C20683,100,118,18,0.18
C20685,100,99,-1,0.01
C20686,100,100,0,0.0
C20687,100,100,0,0.0
C20688,100,99,-1,0.01
C20689,100,110,10,0.1
C20690,100,102,2,0.02
C20691,100,101,1,0.01
C20692,100,100,0,0.0
C20693,100,100,0,0.0
C20694,100,100,0,0.0
C20695,100,100,0,0.0
C20696,100,100,0,0.0
C20697,100,100,0,0.0
C20699,100,142,42,0.42
C20700,100,100,0,0.0
C20702,100,100,0,0.0
C20703,100,101,1,0.01
C20704,100,100,0,0.0
C20705,100,87,-13,0.13
C20706,100,113,13,0.13
C20707,100,121,21,0.21
C20708,100,100,0,0.0
C20709,100,108,8,0.08
C20710,100,108,8,0.08
C20711,100,112,12,0.12
C20712,100,101,1,0.01
C20713,100,101,1,0.01
C20714,100,69,-31,0.31
C20715,100,98,-2,0.02
C20716,100,100,0,0.0
C20717,100,81,-19,0.19
C20718,100,119,19,0.19
C20719,100,100,0,0.0
C20720,100,0,-100,1.0
C20721,100,147,47,0.47
C20722,100,128,28,0.28
C20723,100,94,-6,0.06
C20724,100,101,1,0.01
C20725,100,101,1,0.01
C20726,100,123,23,0.23
C20727,100,114,14,0.14
C20729,100,89,-11,0.11
C20730,100,103,3,0.03
C20732,100,80,-20,0.2
C20734,100,109,9,0.09
C20735,100,87,-13,0.13
C20736,100,100,0,0.0
C20737,100,159,59,0.59
C20738,100,158,58,0.58
C20740,100,100,0,0.0
C20741,100,100,0,0.0
C20742,100,90,-10,0.1
C20743,100,99,-1,0.01
C20744,100,100,0,0.0
C20745,100,100,0,0.0
C20746,100,69,-31,0.31
C20747,100,116,16,0.16
C20748,100,107,7,0.07
C20749,100,40,-60,0.6
C20750,100,155,55,0.55
C20751,100,158,58,0.58
C20752,100,100,0,0.0
C20753,100,100,0,0.0
C20754,100,100,0,0.0
C20755,100,100,0,0.0
C20756,100,100,0,0.0
C20757,100,99,-1,0.01
C20758,100,101,1,0.01
C20759,100,99,-1,0.01
C20761,100,98,-2,0.02
C20762,100,102,2,0.02
C20763,100,100,0,0.0
C20764,100,104,4,0.04
C20765,100,100,0,0.0
C20766,100,100,0,0.0
C20767,100,100,0,0.0
C20768,100,17,-83,0.83
C20770,100,100,0,0.0
C20771,100,100,0,0.0
C20772,100,128,28,0.28
C20773,100,84,-16,0.16
C20774,100,161,61,0.61
C20775,100,103,3,0.03
C20776,100,86,-14,0.14
C20777,100,100,0,0.0
C20778,100,102,2,0.02
C20779,100,98,-2,0.02
C20780,100,99,-1,0.01
C20781,100,99,-1,0.01
C20782,100,100,0,0.0
C20783,100,99,-1,0.01
C20785,100,100,0,0.0
C20787,100,78,-22,0.22
C20788,100,96,-4,0.04
C20789,100,100,0,0.0
C20790,100,135,35,0.35
C20791,100,100,0,0.0
C20792,100,100,0,0.0
C20793,100,100,0,0.0
C20794,100,100,0,0.0
C20795,100,100,0,0.0
C20796,100,100,0,0.0
C20797,100,94,-6,0.06
C20798,100,149,49,0.49
C20799,100,100,0,0.0
C20800,100,96,-4,0.04
C20801,100,104,4,0.04
C20802,100,100,0,0.0
C20803,100,100,0,0.0
C20804,100,100,0,0.0
C20805,100,99,-1,0.01
C20806,100,100,0,0.0
C20807,100,100,0,0.0
C20808,100,115,15,0.15
C20809,100,85,-15,0.15
C20810,100,100,0,0.0
C20811,100,101,1,0.01
C20814,100,90,-10,0.1
C20815,100,100,0,0.0
C20818,100,33,-67,0.67
C20821,100,62,-38,0.38
C20822,100,62,-38,0.38
C20823,100,100,0,0.0
C20824,100,100,0,0.0
C20826,100,100,0,0.0
C20827,100,154,54,0.54
C20828,100,100,0,0.0
C20829,100,72,-28,0.28
C20830,100,130,30,0.3
C20831,100,62,-38,0.38
C20832,100,13,-87,0.87
C20833,100,142,42,0.42
C20834,100,104,4,0.04
C20835,100,48,-52,0.52
C20836,100,152,52,0.52
C20837,100,145,45,0.45
C20838,100,100,0,0.0
C20839,100,101,1,0.01
C20840,100,102,2,0.02
C20841,100,98,-2,0.02
C20842,100,102,2,0.02
C20843,100,82,-18,0.18
C20844,100,74,-26,0.26
C20845,100,148,48,0.48
C20846,100,104,4,0.04
C20847,100,99,-1,0.01
C20848,100,61,-39,0.39
C20849,100,100,0,0.0
C20850,100,100,0,0.0
C20852,100,52,-48,0.48
C20853,100,148,48,0.48
C20854,100,50,-50,0.5
C20855,100,100,0,0.0
C20856,100,100,0,0.0
C20857,100,100,0,0.0
C20858,100,100,0,0.0
C20859,100,103,3,0.03
C20860,100,100,0,0.0
C20861,100,53,-47,0.47
C20862,100,100,0,0.0
C20863,100,130,30,0.3
C20864,100,77,-23,0.23
C20865,100,100,0,0.0
C20866,100,100,0,0.0
C20867,100,100,0,0.0
C20869,100,100,0,0.0
C20870,100,97,-3,0.03
C20871,100,100,0,0.0
C20873,100,100,0,0.0
C20874,100,100,0,0.0
C20875,100,100,0,0.0
C20876,100,77,-23,0.23
C20877,100,120,20,0.2
C20878,100,41,-59,0.59
C20879,100,162,62,0.62
C20880,100,100,0,0.0
C20881,100,100,0,0.0
C20882,100,100,0,0.0
C20883,100,100,0,0.0
C20884,100,100,0,0.0
C20886,100,100,0,0.0
C20887,100,50,-50,0.5
C20888,100,47,-53,0.53
C20889,100,65,-35,0.35
C20890,100,110,10,0.1
C20891,100,85,-15,0.15
C20892,100,110,10,0.1
C20893,100,105,5,0.05
C20894,100,101,1,0.01
C20895,100,85,-15,0.15
C20897,100,60,-40,0.4
C20898,100,150,50,0.5
C20899,100,84,-16,0.16
C20900,100,115,15,0.15
C20901,100,117,17,0.17
C20902,100,97,-3,0.03
C20903,100,47,-53,0.53
C20904,100,124,24,0.24
C20905,100,133,33,0.33
C20906,100,106,6,0.06
C20907,100,105,5,0.05
C20908,100,100,0,0.0
C20909,100,100,0,0.0
C20911,100,102,2,0.02
C20913,100,93,-7,0.07
C20914,100,131,31,0.31
C20917,100,76,-24,0.24
C20918,100,51,-49,0.49
C20921,100,113,13,0.13
C20922,100,106,6,0.06
C20923,100,104,4,0.04
C20924,100,105,5,0.05
C20926,100,66,-34,0.34
C20927,100,100,0,0.0
C20928,100,100,0,0.0
C20929,100,100,0,0.0
C20930,100,100,0,0.0
C20931,100,100,0,0.0
C20933,100,123,23,0.23
C20934,100,118,18,0.18
C20935,100,100,0,0.0
C20936,100,100,0,0.0
C20937,100,105,5,0.05
C20938,100,103,3,0.03
C20939,100,103,3,0.03
C20940,100,120,20,0.2
C20941,100,100,0,0.0
C20942,100,104,4,0.04
C20943,100,66,-34,0.34
C20944,100,134,34,0.34
C20945,100,100,0,0.0
C20946,100,100,0,0.0
C20947,100,101,1,0.01
C20948,100,100,0,0.0
C20949,100,58,-42,0.42
C20950,100,103,3,0.03
C20951,100,122,22,0.22
C20953,100,90,-10,0.1
C20954,100,46,-54,0.54
C20955,100,81,-19,0.19
C20957,100,51,-49,0.49
C20958,100,149,49,0.49
C20959,100,51,-49,0.49
C20960,100,149,49,0.49
C20961,100,103,3,0.03
C20962,100,101,1,0.01
C20963,100,101,1,0.01
C20964,100,103,3,0.03
C20965,100,101,1,0.01
C20966,100,95,-5,0.05
C20967,100,99,-1,0.01
C20968,100,75,-25,0.25
C20970,100,100,0,0.0
C20971,100,100,0,0.0
C20973,100,100,0,0.0
C20974,100,141,41,0.41
C20975,100,100,0,0.0
C20976,100,99,-1,0.01
C20977,100,101,1,0.01
C20979,100,100,0,0.0
C20980,100,101,1,0.01
C20981,100,148,48,0.48
C20982,100,103,3,0.03
C20983,100,104,4,0.04
C20984,100,103,3,0.03
C20985,100,42,-58,0.58
C20986,100,99,-1,0.01
C20987,100,85,-15,0.15
C20988,100,62,-38,0.38
C20991,100,148,48,0.48
C20992,100,123,23,0.23
C20993,100,100,0,0.0
C20994,100,59,-41,0.41
C20995,100,83,-17,0.17
C20996,100,100,0,0.0
C20997,100,100,0,0.0
C20998,100,100,0,0.0
C20999,100,100,0,0.0
C21000,100,100,0,0.0
C21001,100,91,-9,0.09
C21002,100,102,2,0.02
C21003,100,107,7,0.07
C21004,100,102,2,0.02
C21005,100,100,0,0.0
C21006,100,101,1,0.01
C21007,100,82,-18,0.18
C21008,100,148,48,0.48
C21009,100,100,0,0.0
C21010,100,100,0,0.0
C21011,100,100,0,0.0
C21012,100,100,0,0.0
C21013,100,100,0,0.0
C21014,100,100,0,0.0
C21015,100,98,-2,0.02
C21016,100,103,3,0.03
C21017,100,111,11,0.11
C21018,100,140,40,0.4
C21019,100,101,1,0.01
C21020,100,100,0,0.0
C21021,100,100,0,0.0
C21022,100,101,1,0.01
C21023,100,101,1,0.01
C21024,100,100,0,0.0
C21025,100,100,0,0.0
C21026,100,92,-8,0.08
C21028,100,54,-46,0.46
C21029,100,104,4,0.04
C21030,100,145,45,0.45
C21031,100,143,43,0.43
C21032,100,100,0,0.0
C21033,100,100,0,0.0
C21034,100,100,0,0.0
C21035,100,100,0,0.0
C21036,100,100,0,0.0
C21037,100,100,0,0.0
C21038,100,100,0,0.0
C21039,100,100,0,0.0
C21041,100,100,0,0.0
C21042,100,100,0,0.0
C21043,100,100,0,0.0
C21044,100,100,0,0.0
C21045,100,100,0,0.0
C21046,100,100,0,0.0
C21047,100,100,0,0.0
C21048,100,100,0,0.0
C21049,100,100,0,0.0
C21050,100,100,0,0.0
C21051,100,100,0,0.0
C21052,100,100,0,0.0
C21053,100,100,0,0.0
C21055,100,100,0,0.0
C21056,100,100,0,0.0
C21057,100,100,0,0.0
C21058,100,100,0,0.0
C21059,100,100,0,0.0
C21061,100,100,0,0.0
C21062,100,100,0,0.0
C21063,100,100,0,0.0
C21064,100,92,-8,0.08
C21065,100,100,0,0.0
C21067,100,100,0,0.0
C21068,100,146,46,0.46
C21069,100,63,-37,0.37
C21070,100,138,38,0.38
C21071,100,59,-41,0.41
C21072,100,100,0,0.0
C21073,100,44,-56,0.56
C21074,100,101,1,0.01
C21075,100,78,-22,0.22
C21076,100,58,-42,0.42
C21077,100,100,0,0.0
C21078,100,100,0,0.0
C21079,100,100,0,0.0
C21080,100,101,1,0.01
C21081,100,102,2,0.02
C21082,100,101,1,0.01
C21083,100,100,0,0.0
C21084,100,134,34,0.34
C21085,100,115,15,0.15
C21086,100,90,-10,0.1
C21087,100,129,29,0.29
C21088,100,64,-36,0.36
C21089,100,97,-3,0.03
C21090,100,160,60,0.6
C21091,100,146,46,0.46
C21092,100,137,37,0.37
C21093,100,144,44,0.44
C21094,100,130,30,0.3
C21095,100,39,-61,0.61
C21096,100,97,-3,0.03
C21097,100,117,17,0.17
C21098,100,162,62,0.62
C21099,100,100,0,0.0
C21100,100,111,11,0.11
C21101,100,84,-16,0.16
C21102,100,117,17,0.17
C21103,100,58,-42,0.42
C21104,100,49,-51,0.51
C21105,100,63,-37,0.37
C21106,100,152,52,0.52
C21107,100,129,29,0.29
C21108,100,100,0,0.0
C21109,100,100,0,0.0
C21110,100,100,0,0.0
C21111,100,100,0,0.0
C21112,100,100,0,0.0
C21113,100,111,11,0.11
C21114,100,102,2,0.02
C21115,100,100,0,0.0
C21116,100,113,13,0.13
C21117,100,81,-19,0.19
C21118,100,80,-20,0.2
C21120,100,100,0,0.0
C21123,100,100,0,0.0
C21124,100,0,-100,1.0
C21126,100,55,-45,0.45
C21127,100,97,-3,0.03
C21128,100,109,9,0.09
C21129,100,50,-50,0.5
C21130,100,150,50,0.5
C21131,100,149,49,0.49
C21132,100,99,-1,0.01
C21134,100,101,1,0.01
C21135,100,100,0,0.0
C21137,100,114,14,0.14
C21138,100,60,-40,0.4
C21139,100,106,6,0.06
C21140,100,100,0,0.0
C21141,100,154,54,0.54
C21142,100,95,-5,0.05
C21143,100,100,0,0.0
C21144,100,100,0,0.0
C21145,100,100,0,0.0
C21146,100,100,0,0.0
C21147,100,100,0,0.0
C21148,100,100,0,0.0
C21149,100,100,0,0.0
C21150,100,100,0,0.0
C21151,100,88,-12,0.12
C21152,100,100,0,0.0
C21153,100,100,0,0.0
C21154,100,100,0,0.0
C21155,100,100,0,0.0
C21156,100,80,-20,0.2
C21157,100,100,0,0.0
C21158,100,100,0,0.0
C21159,100,100,0,0.0
C21160,100,100,0,0.0
C21161,100,100,0,0.0
C21162,100,100,0,0.0
C21163,100,100,0,0.0
C21164,100,100,0,0.0
C21165,100,100,0,0.0
C21166,100,100,0,0.0
C21167,100,100,0,0.0
C21168,100,100,0,0.0
C21169,100,100,0,0.0
C21170,100,100,0,0.0
C21171,100,100,0,0.0
C21172,100,100,0,0.0
C21173,100,100,0,0.0
C21174,100,100,0,0.0
C21175,100,98,-2,0.02
C21176,100,60,-40,0.4
C21177,100,100,0,0.0
C21178,100,100,0,0.0
C21179,100,100,0,0.0
C21180,100,100,0,0.0
C21181,100,82,-18,0.18
C21182,100,116,16,0.16
C21183,100,100,0,0.0
C21184,100,100,0,0.0
C21185,100,100,0,0.0
C21186,100,100,0,0.0
C21187,100,100,0,0.0
C21188,100,100,0,0.0
C21189,100,100,0,0.0
C21190,100,100,0,0.0
C21191,100,100,0,0.0
C21192,100,91,-9,0.09
C21193,100,100,0,0.0
C21194,100,100,0,0.0
C21195,100,100,0,0.0
C21197,100,100,0,0.0
C21198,100,100,0,0.0
C21199,100,100,0,0.0
C21200,100,100,0,0.0
C21201,100,100,0,0.0
C21202,100,100,0,0.0
C21203,100,85,-15,0.15
C21204,100,96,-4,0.04
C21205,100,103,3,0.03
C21206,100,135,35,0.35
C21207,100,62,-38,0.38
C21208,100,113,13,0.13
C21209,100,131,31,0.31
C21210,100,40,-60,0.6
C21211,100,119,19,0.19
C21212,100,94,-6,0.06
C21213,100,100,0,0.0
C21214,100,55,-45,0.45
C21215,100,145,45,0.45
C21216,100,57,-43,0.43
C21217,100,104,4,0.04
C21218,100,87,-13,0.13
C21219,100,170,70,0.7
C21220,100,100,0,0.0
C21221,100,100,0,0.0
C21222,100,100,0,0.0
C21223,100,100,0,0.0
C21224,100,100,0,0.0
C21225,100,100,0,0.0
C21226,100,100,0,0.0
C21227,100,100,0,0.0
C21228,100,100,0,0.0
C21229,100,100,0,0.0
C21230,100,100,0,0.0
C21231,100,100,0,0.0
C21232,100,100,0,0.0
C21233,100,100,0,0.0
C21234,100,100,0,0.0
C21235,100,100,0,0.0
C21236,100,100,0,0.0
C21237,100,100,0,0.0
C21238,100,100,0,0.0
C21239,100,100,0,0.0
C21240,100,102,2,0.02
C21241,100,100,0,0.0
C21242,100,100,0,0.0
C21243,100,100,0,0.0
C21244,100,100,0,0.0
C21245,100,100,0,0.0
C21246,100,100,0,0.0
C21247,100,115,15,0.15
C21248,100,143,43,0.43
C21249,100,60,-40,0.4
C21250,100,72,-28,0.28
C21251,100,116,16,0.16
C21252,100,127,27,0.27
C21253,100,100,0,0.0
C21254,100,100,0,0.0
C21255,100,131,31,0.31
C21256,100,101,1,0.01
C21258,100,44,-56,0.56
C21259,100,134,34,0.34
C21260,100,128,28,0.28
C21261,100,80,-20,0.2
C21262,100,122,22,0.22
C21264,100,83,-17,0.17
C21265,100,51,-49,0.49
C21266,100,156,56,0.56
C21267,100,51,-49,0.49
C21268,100,0,-100,1.0
C21269,100,153,53,0.53
C21270,100,188,88,0.88
C21272,100,107,7,0.07
C21273,100,100,0,0.0
C21275,100,100,0,0.0
C21276,100,100,0,0.0
C21277,100,100,0,0.0
C21278,100,100,0,0.0
C21279,100,100,0,0.0
C21280,100,100,0,0.0
C21281,100,132,32,0.32
C21282,100,140,40,0.4
C21283,100,207,107,1.07
C21284,100,81,-19,0.19
C21285,100,80,-20,0.2
C21286,100,100,0,0.0
C21287,100,49,-51,0.51
C21288,100,93,-7,0.07
C21289,100,107,7,0.07
C21290,100,95,-5,0.05
C21291,100,102,2,0.02
C21292,100,100,0,0.0
C21293,100,100,0,0.0
C21294,100,79,-21,0.21
C21295,100,100,0,0.0
C21297,100,104,4,0.04
C21298,100,59,-41,0.41
C21299,100,100,0,0.0
C21300,100,100,0,0.0
C21301,100,100,0,0.0
C21303,100,100,0,0.0
C21304,100,100,0,0.0
C21305,100,99,-1,0.01
C21306,100,94,-6,0.06
C21307,100,99,-1,0.01
C21308,100,111,11,0.11
C21309,100,42,-58,0.58
C21310,100,82,-18,0.18
C21311,100,158,58,0.58
C21312,100,103,3,0.03
C21313,100,100,0,0.0
C21314,100,100,0,0.0
C21315,100,52,-48,0.48
C21316,100,110,10,0.1
C21317,100,95,-5,0.05
C21318,100,97,-3,0.03
C21319,100,146,46,0.46
C21320,100,100,0,0.0
C21321,100,59,-41,0.41
C21322,100,97,-3,0.03
C21323,100,103,3,0.03
C21324,100,141,41,0.41
C21325,100,55,-45,0.45
C21326,100,145,45,0.45
C21327,100,100,0,0.0
C21328,100,100,0,0.0
C21329,100,100,0,0.0
C21330,100,101,1,0.01
C21331,100,51,-49,0.49
C21332,100,121,21,0.21
C21333,100,77,-23,0.23
C21334,100,103,3,0.03
C21335,100,100,0,0.0
C21336,100,75,-25,0.25
C21337,100,59,-41,0.41
C21338,100,102,2,0.02
C21339,100,83,-17,0.17
C21340,100,41,-59,0.59
C21341,100,115,15,0.15
C21342,100,115,15,0.15
C21343,100,101,1,0.01
C21344,100,53,-47,0.47
C21345,100,104,4,0.04
C21346,100,144,44,0.44
C21347,100,44,-56,0.56
C21348,100,59,-41,0.41
C21349,100,120,20,0.2
C21350,100,0,-100,1.0
C21351,100,15,-85,0.85
C21352,100,92,-8,0.08
C21353,100,164,64,0.64
C21354,100,87,-13,0.13
C21355,100,100,0,0.0
C21356,100,0,-100,1.0
C21357,100,48,-52,0.52
C21358,100,154,54,0.54
C21361,100,100,0,0.0
C21362,100,100,0,0.0
C21363,100,147,47,0.47
C21364,100,100,0,0.0
C21365,100,100,0,0.0
C21366,100,100,0,0.0
C21367,100,140,40,0.4
C21368,100,58,-42,0.42
C21369,100,101,1,0.01
C21371,100,100,0,0.0
C21372,100,46,-54,0.54
C21373,100,148,48,0.48
C21374,100,52,-48,0.48
C21375,100,98,-2,0.02
C21376,100,102,2,0.02
C21377,100,99,-1,0.01
C21378,100,101,1,0.01
C21379,100,91,-9,0.09
C21380,100,100,0,0.0
C21381,100,167,67,0.67
C21382,100,100,0,0.0
C21383,100,98,-2,0.02
C21384,100,101,1,0.01
C21385,100,100,0,0.0
C21386,100,113,13,0.13
C21387,100,114,14,0.14
C21388,100,86,-14,0.14
C21389,100,99,-1,0.01
C21390,100,100,0,0.0
C21391,100,100,0,0.0
C21392,100,100,0,0.0
C21393,100,108,8,0.08
C21394,100,115,15,0.15
C21395,100,100,0,0.0
C21396,100,101,1,0.01
C21397,100,100,0,0.0
C21398,100,100,0,0.0
C21399,100,157,57,0.57
C21400,100,43,-57,0.57
C21401,100,100,0,0.0
C21402,100,100,0,0.0
C21403,100,68,-32,0.32
C21404,100,140,40,0.4
C21407,100,100,0,0.0
C21408,100,173,73,0.73
C21409,100,100,0,0.0
C21410,100,43,-57,0.57
C21411,100,56,-44,0.44
C21412,100,49,-51,0.51
C21413,100,144,44,0.44
C21414,100,109,9,0.09
C21415,100,93,-7,0.07
C21416,100,65,-35,0.35
C21418,100,84,-16,0.16
C21419,100,96,-4,0.04
C21420,100,98,-2,0.02
C21421,100,102,2,0.02
C21422,100,96,-4,0.04
C21423,100,100,0,0.0
C21424,100,100,0,0.0
C21425,100,100,0,0.0
C21426,100,146,46,0.46
C21427,100,83,-17,0.17
C21428,100,82,-18,0.18
C21429,100,84,-16,0.16
C21430,100,100,0,0.0
C21431,100,111,11,0.11
C21432,100,117,17,0.17
C21433,100,118,18,0.18
C21434,100,116,16,0.16
C21435,100,63,-37,0.37
C21437,100,115,15,0.15
C21438,100,100,0,0.0
C21439,100,100,0,0.0
C21440,100,138,38,0.38
C21441,100,57,-43,0.43
C21442,100,100,0,0.0
C21443,100,100,0,0.0
C21444,100,100,0,0.0
C21445,100,41,-59,0.59
C21446,100,92,-8,0.08
C21447,100,52,-48,0.48
C21448,100,96,-4,0.04
C21449,100,56,-44,0.44
C21450,100,85,-15,0.15
C21451,100,100,0,0.0
C21452,100,90,-10,0.1
C21453,100,58,-42,0.42
C21454,100,81,-19,0.19
C21455,100,115,15,0.15
C21456,100,100,0,0.0
C21457,100,109,9,0.09
C21458,100,117,17,0.17
C21459,100,50,-50,0.5
C21460,100,100,0,0.0
C21461,100,103,3,0.03
C21463,100,124,24,0.24
C21464,100,68,-32,0.32
C21465,100,74,-26,0.26
C21466,100,91,-9,0.09
C21467,100,84,-16,0.16
C21468,100,84,-16,0.16
C21469,100,66,-34,0.34
C21470,100,151,51,0.51
C21471,100,66,-34,0.34
C21472,100,148,48,0.48
C21473,100,99,-1,0.01
C21474,100,157,57,0.57
C21475,100,100,0,0.0
C21476,100,100,0,0.0
C21477,100,100,0,0.0
C21478,100,100,0,0.0
C21479,100,100,0,0.0
C21480,100,100,0,0.0
C21481,100,100,0,0.0
C21482,100,100,0,0.0
C21483,100,100,0,0.0
C21484,100,100,0,0.0
C21485,100,102,2,0.02
C21486,100,138,38,0.38
C21487,100,112,12,0.12
C21488,100,130,30,0.3
C21489,100,60,-40,0.4
C21490,100,114,14,0.14
C21491,100,101,1,0.01
C21492,100,100,0,0.0
C21493,100,106,6,0.06
C21494,100,124,24,0.24
C21497,100,50,-50,0.5
C21498,100,98,-2,0.02
C21499,100,101,1,0.01
C21500,100,98,-2,0.02
C21501,100,103,3,0.03
C21502,100,129,29,0.29
C21503,100,137,37,0.37
C21504,100,100,0,0.0
C21505,100,160,60,0.6
C21506,100,167,67,0.67
C21507,100,152,52,0.52
C21508,100,100,0,0.0
C21509,100,88,-12,0.12
C21512,100,98,-2,0.02
C21513,100,145,45,0.45
C21514,100,145,45,0.45
C21516,100,100,0,0.0
C21517,100,100,0,0.0
C21518,100,100,0,0.0
C21520,100,100,0,0.0
C21521,100,100,0,0.0
C21522,100,100,0,0.0
C21523,100,107,7,0.07
C21524,100,89,-11,0.11
C21525,100,140,40,0.4
C21526,100,40,-60,0.6
C21527,100,160,60,0.6
C21528,100,100,0,0.0
C21529,100,99,-1,0.01
C21530,100,100,0,0.0
C21531,100,101,1,0.01
C21532,100,100,0,0.0
C21533,100,100,0,0.0
C21534,100,100,0,0.0
C21535,100,150,50,0.5
C21536,100,98,-2,0.02
C21537,100,52,-48,0.48
C21538,100,86,-14,0.14
C21539,100,97,-3,0.03
C21541,100,100,0,0.0
C21542,100,100,0,0.0
C21543,100,100,0,0.0
C21544,100,100,0,0.0
C21545,100,100,0,0.0
C21546,100,100,0,0.0
C21547,100,100,0,0.0
C21548,100,100,0,0.0
C21549,100,100,0,0.0
C21550,100,100,0,0.0
C21551,100,100,0,0.0
C21552,100,100,0,0.0
C21553,100,100,0,0.0
C21554,100,100,0,0.0
C21555,100,100,0,0.0
C21556,100,100,0,0.0
C21557,100,100,0,0.0
C21558,100,100,0,0.0
C21559,100,114,14,0.14
C21560,100,100,0,0.0
C21561,100,100,0,0.0
C21562,100,100,0,0.0
C21563,100,79,-21,0.21
C21564,100,100,0,0.0
C21565,100,100,0,0.0
C21566,100,80,-20,0.2
C21567,100,135,35,0.35
C21568,100,71,-29,0.29
C21569,100,129,29,0.29
C21570,100,100,0,0.0
C21571,100,133,33,0.33
C21572,100,101,1,0.01
C21573,100,14,-86,0.86
C21574,100,187,87,0.87
C21575,100,100,0,0.0
C21576,100,100,0,0.0
C21577,100,100,0,0.0
C21578,100,100,0,0.0
C21579,100,100,0,0.0
C21580,100,100,0,0.0
C21581,100,100,0,0.0
C21582,100,142,42,0.42
C21583,100,69,-31,0.31
C21584,100,106,6,0.06
C21585,100,93,-7,0.07
C21592,100,100,0,0.0
C21593,100,97,-3,0.03
C21594,100,100,0,0.0
C21595,100,100,0,0.0
C21596,100,100,0,0.0
C21598,100,100,0,0.0
C21599,100,72,-28,0.28
C21600,100,138,38,0.38
C21601,100,100,0,0.0
C21602,100,99,-1,0.01
C21603,100,100,0,0.0
C21605,100,100,0,0.0
C21606,100,95,-5,0.05
C21607,100,93,-7,0.07
C21608,100,116,16,0.16
C21609,100,100,0,0.0
C21610,100,61,-39,0.39
C21611,100,58,-42,0.42
C21612,100,130,30,0.3
C21613,100,54,-46,0.46
C21614,100,143,43,0.43
C21615,100,126,26,0.26
C21616,100,154,54,0.54
C21617,100,47,-53,0.53
C21618,100,67,-33,0.33
C21619,100,101,1,0.01
C21620,100,94,-6,0.06
C21621,100,115,15,0.15
C21622,100,107,7,0.07
C21623,100,80,-20,0.2
C21624,100,100,0,0.0
C21625,100,100,0,0.0
C21626,100,100,0,0.0
C21628,100,100,0,0.0
C21629,100,85,-15,0.15
C21630,100,101,1,0.01
C21631,100,101,1,0.01
C21632,100,144,44,0.44
C21633,100,103,3,0.03
C21634,100,109,9,0.09
C21635,100,107,7,0.07
C21637,100,143,43,0.43
C21639,100,150,50,0.5
C21640,100,147,47,0.47
C21641,100,100,0,0.0
C21642,100,100,0,0.0
C21643,100,96,-4,0.04
C21644,100,83,-17,0.17
C21645,100,77,-23,0.23
C21646,100,113,13,0.13
C21647,100,101,1,0.01
C21648,100,100,0,0.0
C21649,100,99,-1,0.01
C21651,100,124,24,0.24
C21652,100,110,10,0.1
C21653,100,112,12,0.12
C21654,100,91,-9,0.09
C21655,100,72,-28,0.28
C21656,100,0,-100,1.0
C21657,100,66,-34,0.34
C21658,100,0,-100,1.0
C21659,100,106,6,0.06
C21660,100,100,0,0.0
C21661,100,107,7,0.07
C21662,100,117,17,0.17
C21663,100,120,20,0.2
C21664,100,82,-18,0.18
C21665,100,118,18,0.18
C21666,100,82,-18,0.18
C21667,100,113,13,0.13
C21668,100,118,18,0.18
C21669,100,97,-3,0.03
C21670,100,103,3,0.03
C21671,100,103,3,0.03
C21672,100,113,13,0.13
C21673,100,100,0,0.0
C21674,100,100,0,0.0
C21675,100,100,0,0.0
C21676,100,100,0,0.0
C21677,100,101,1,0.01
C21678,100,108,8,0.08
C21679,100,101,1,0.01
C21680,100,123,23,0.23
C21681,100,100,0,0.0
C21682,100,89,-11,0.11
C21683,100,112,12,0.12
C21685,100,100,0,0.0
C21686,100,100,0,0.0
C21687,100,103,3,0.03
C21688,100,104,4,0.04
C21689,100,100,0,0.0
C21690,100,100,0,0.0
C21691,100,100,0,0.0
C21692,100,100,0,0.0
C21693,100,101,1,0.01
C21694,100,103,3,0.03
C21695,100,100,0,0.0
C21696,100,100,0,0.0
C21697,100,100,0,0.0
C21698,100,102,2,0.02
C21699,100,100,0,0.0
C21700,100,101,1,0.01
C21701,100,118,18,0.18
C21702,100,105,5,0.05
C21703,100,137,37,0.37
C21704,100,100,0,0.0
C21705,100,101,1,0.01
C21706,100,103,3,0.03
C21707,100,100,0,0.0
C21708,100,103,3,0.03
C21709,100,107,7,0.07
C21710,100,102,2,0.02
C21711,100,112,12,0.12
C21712,100,100,0,0.0
C21713,100,100,0,0.0
C21714,100,141,41,0.41
C21715,100,103,3,0.03
C21716,100,128,28,0.28
C21717,100,154,54,0.54
C21718,100,151,51,0.51
C21719,100,99,-1,0.01
C21720,100,146,46,0.46
C21721,100,101,1,0.01
C21722,100,100,0,0.0
C21723,100,100,0,0.0
C21724,100,100,0,0.0
C21725,100,123,23,0.23
C21726,100,107,7,0.07
C21727,100,64,-36,0.36
C21728,100,142,42,0.42
C21729,100,109,9,0.09
C21730,100,56,-44,0.44
C21731,100,64,-36,0.36
C21732,100,44,-56,0.56
C21733,100,120,20,0.2
C21734,100,136,36,0.36
C21735,100,107,7,0.07
C21736,100,82,-18,0.18
C21737,100,109,9,0.09
C21738,100,33,-67,0.67
C21739,100,111,11,0.11
C21740,100,100,0,0.0
C21741,100,100,0,0.0
C21742,100,99,-1,0.01
C21743,100,101,1,0.01
C21744,100,100,0,0.0
C21746,100,99,-1,0.01
C21747,100,118,18,0.18
C21748,100,109,9,0.09
C21749,100,105,5,0.05
C21750,100,85,-15,0.15
C21751,100,89,-11,0.11
C21752,100,80,-20,0.2
C21753,100,74,-26,0.26
C21754,100,69,-31,0.31
C21755,100,100,0,0.0
C21756,100,100,0,0.0
C21757,100,100,0,0.0
C21758,100,84,-16,0.16
C21759,100,114,14,0.14
C21760,100,119,19,0.19
C21761,100,100,0,0.0
C21762,100,140,40,0.4
C21763,100,126,26,0.26
C21764,100,100,0,0.0
C21765,100,104,4,0.04
C21766,100,94,-6,0.06
C21767,100,189,89,0.89
C21768,100,106,6,0.06
C21769,100,55,-45,0.45
C21770,100,101,1,0.01
C21771,100,98,-2,0.02
C21772,100,102,2,0.02
C21773,100,88,-12,0.12
C21774,100,112,12,0.12
C21775,100,87,-13,0.13
C21776,100,113,13,0.13
C21777,100,55,-45,0.45
C21778,100,105,5,0.05
C21779,100,100,0,0.0
C21780,100,102,2,0.02
C21781,100,104,4,0.04
C21782,100,100,0,0.0
C21783,100,100,0,0.0
C21784,100,102,2,0.02
C21785,100,95,-5,0.05
C21786,100,115,15,0.15
C21787,100,89,-11,0.11
C21788,100,100,0,0.0
C21789,100,100,0,0.0
C21790,100,100,0,0.0
C21791,100,100,0,0.0
C21792,100,100,0,0.0
C21793,100,100,0,0.0
C21794,100,100,0,0.0
C21795,100,101,1,0.01
C21796,100,100,0,0.0
C21797,100,100,0,0.0
C21798,100,100,0,0.0
C21799,100,100,0,0.0
C21800,100,100,0,0.0
C21801,100,91,-9,0.09
C21802,100,155,55,0.55
C21803,100,97,-3,0.03
C21804,100,101,1,0.01
C21805,100,88,-12,0.12
C21808,100,101,1,0.01
C21811,100,100,0,0.0
C21812,100,100,0,0.0
C21814,100,110,10,0.1
C21815,100,84,-16,0.16
C21816,100,89,-11,0.11
C21817,100,111,11,0.11
C21818,100,100,0,0.0
C21819,100,100,0,0.0
C21820,100,100,0,0.0
C21821,100,100,0,0.0
C21822,100,100,0,0.0
C21823,100,100,0,0.0
C21824,100,100,0,0.0
C21825,100,100,0,0.0
C21826,100,100,0,0.0
C21827,100,100,0,0.0
C21828,100,100,0,0.0
C21829,100,100,0,0.0
C21830,100,100,0,0.0
C21831,100,100,0,0.0
C21832,100,59,-41,0.41
C21833,100,109,9,0.09
C21834,100,100,0,0.0
C21835,100,99,-1,0.01
C21836,100,145,45,0.45
C21837,100,0,-100,1.0
C21838,100,140,40,0.4
C21839,100,130,30,0.3
C21840,100,136,36,0.36
C21841,100,100,0,0.0
C21842,100,100,0,0.0
C21843,100,100,0,0.0
C21844,100,100,0,0.0
C21845,100,100,0,0.0
C21846,100,54,-46,0.46
C21847,100,146,46,0.46
C21848,100,54,-46,0.46
C21849,100,100,0,0.0
C21850,100,101,1,0.01
C21851,100,118,18,0.18
C21852,100,100,0,0.0
C21853,100,103,3,0.03
C21854,100,101,1,0.01
C21855,100,100,0,0.0
C21856,100,100,0,0.0
C21858,100,87,-13,0.13
C21859,100,96,-4,0.04
C21860,100,101,1,0.01
C21861,100,205,105,1.05
C21862,100,101,1,0.01
C21863,100,100,0,0.0
C21864,100,100,0,0.0
C21865,100,100,0,0.0
C21866,100,101,1,0.01
C21867,100,101,1,0.01
C21868,100,100,0,0.0
C21869,100,100,0,0.0
C21870,100,100,0,0.0
C21871,100,100,0,0.0
C21872,100,100,0,0.0
C21873,100,99,-1,0.01
C21874,100,48,-52,0.52
C21875,100,152,52,0.52
C21876,100,100,0,0.0
C21877,100,73,-27,0.27
C21878,100,148,48,0.48
C21879,100,78,-22,0.22
C21880,100,77,-23,0.23
C21881,100,79,-21,0.21
C21882,100,100,0,0.0
C21883,100,100,0,0.0
C21884,100,100,0,0.0
C21885,100,100,0,0.0
C21886,100,100,0,0.0
C21887,100,100,0,0.0
C21888,100,100,0,0.0
C21889,100,117,17,0.17
C21890,100,100,0,0.0
C21891,100,100,0,0.0
C21892,100,121,21,0.21
C21893,100,94,-6,0.06
C21894,100,100,0,0.0
C21895,100,47,-53,0.53
C21896,100,118,18,0.18
C21897,100,30,-70,0.7
C21898,100,115,15,0.15
C21899,100,92,-8,0.08
C21900,100,96,-4,0.04
C21901,100,104,4,0.04
C21902,100,103,3,0.03
C21903,100,46,-54,0.54
C21904,100,100,0,0.0
C21905,100,88,-12,0.12
C21906,100,107,7,0.07
C21907,100,90,-10,0.1
C21908,100,98,-2,0.02
C21909,100,91,-9,0.09
C21910,100,95,-5,0.05
C21911,100,97,-3,0.03
C21912,100,103,3,0.03
C21913,100,79,-21,0.21
C21914,100,81,-19,0.19
C21915,100,92,-8,0.08
C21916,100,101,1,0.01
C21917,100,107,7,0.07
C21918,100,100,0,0.0
C21919,100,100,0,0.0
C21920,100,99,-1,0.01
C21921,100,101,1,0.01
C21922,100,51,-49,0.49
C21923,100,68,-32,0.32
C21924,100,145,45,0.45
C21925,100,97,-3,0.03
C21926,100,102,2,0.02
C21927,100,101,1,0.01
C21928,100,100,0,0.0
C21929,100,100,0,0.0
C21930,100,100,0,0.0
C21931,100,100,0,0.0
C21932,100,100,0,0.0
C21933,100,100,0,0.0
C21934,100,100,0,0.0
C21935,100,100,0,0.0
C21936,100,100,0,0.0
C21937,100,101,1,0.01
C21938,100,100,0,0.0
C21939,100,100,0,0.0
C21940,100,100,0,0.0
C21941,100,100,0,0.0
C21942,100,100,0,0.0
C21943,100,100,0,0.0
C21944,100,100,0,0.0
C21945,100,100,0,0.0
C21946,100,100,0,0.0
C21947,100,100,0,0.0
C21948,100,100,0,0.0
C21949,100,100,0,0.0
C21950,100,100,0,0.0
C21951,100,100,0,0.0
C21952,100,100,0,0.0
C21953,100,100,0,0.0
C21954,100,100,0,0.0
C21955,100,97,-3,0.03
C21957,100,101,1,0.01
C21958,100,100,0,0.0
C21959,100,100,0,0.0
C21960,100,100,0,0.0
C21961,100,100,0,0.0
C21962,100,100,0,0.0
C21963,100,100,0,0.0
C21964,100,100,0,0.0
C21965,100,100,0,0.0
C21966,100,100,0,0.0
C21967,100,100,0,0.0
C21968,100,66,-34,0.34
C21969,100,134,34,0.34
C21970,100,100,0,0.0
C21971,100,101,1,0.01
C21972,100,99,-1,0.01
C21973,100,99,-1,0.01
C21974,100,101,1,0.01
C21975,100,100,0,0.0
C21976,100,100,0,0.0
C21977,100,100,0,0.0
C21978,100,101,1,0.01
C21979,100,100,0,0.0
C21980,100,100,0,0.0
C21981,100,100,0,0.0
C21982,100,87,-13,0.13
C21983,100,134,34,0.34
C21984,100,91,-9,0.09
C21988,100,120,20,0.2
C21991,100,114,14,0.14
C21992,100,110,10,0.1
C21993,100,122,22,0.22
C21994,100,71,-29,0.29
C21995,100,123,23,0.23
C21996,100,96,-4,0.04
C21997,100,102,2,0.02
C21998,100,115,15,0.15
C21999,100,126,26,0.26
C22000,100,110,10,0.1
C22001,100,125,25,0.25
C22002,100,142,42,0.42
C22003,100,100,0,0.0
C22005,100,100,0,0.0
C22006,100,24,-76,0.76
C22007,100,100,0,0.0
C22008,100,111,11,0.11
C22009,100,98,-2,0.02
C22010,100,102,2,0.02
C22011,100,100,0,0.0
C22012,100,100,0,0.0
C22013,100,101,1,0.01
C22014,100,100,0,0.0
C22015,100,100,0,0.0
C22016,100,100,0,0.0
C22017,100,99,-1,0.01
C22018,100,101,1,0.01
C22019,100,100,0,0.0
C22020,100,100,0,0.0
C22021,100,89,-11,0.11
C22022,100,108,8,0.08
C22023,100,92,-8,0.08
C22024,100,92,-8,0.08
C22025,100,108,8,0.08
C22026,100,115,15,0.15
C22027,100,100,0,0.0
C22028,100,100,0,0.0
C22029,100,131,31,0.31
C22030,100,98,-2,0.02
C22031,100,113,13,0.13
C22032,100,100,0,0.0
C22033,100,92,-8,0.08
C22034,100,80,-20,0.2
C22035,100,120,20,0.2
C22036,100,82,-18,0.18
C22037,100,118,18,0.18
C22038,100,111,11,0.11
C22039,100,117,17,0.17
C22040,100,100,0,0.0
C22043,100,102,2,0.02
C22044,100,100,0,0.0
C22045,100,100,0,0.0
C22046,100,100,0,0.0
C22047,100,100,0,0.0
C22048,100,101,1,0.01
C22049,100,99,-1,0.01
C22050,100,56,-44,0.44
C22051,100,47,-53,0.53
C22052,100,109,9,0.09
C22053,100,100,0,0.0
C22054,100,155,55,0.55
C22055,100,135,35,0.35
C22056,100,102,2,0.02
C22057,100,100,0,0.0
C22058,100,103,3,0.03
C22059,100,97,-3,0.03
C22060,100,103,3,0.03
C22061,100,89,-11,0.11
C22062,100,60,-40,0.4
C22063,100,140,40,0.4
C22064,100,55,-45,0.45
C22065,100,145,45,0.45
C22066,100,100,0,0.0
C22067,100,100,0,0.0
C22068,100,47,-53,0.53
C22070,100,53,-47,0.47
C22071,100,156,56,0.56
C22072,100,58,-42,0.42
C22073,100,140,40,0.4
C22074,100,99,-1,0.01
C22075,100,104,4,0.04
C22076,100,100,0,0.0
C22077,100,57,-43,0.43
C22078,100,143,43,0.43
C22080,100,100,0,0.0
C22081,100,100,0,0.0
C22083,100,63,-37,0.37
C22084,100,40,-60,0.6
C22085,100,87,-13,0.13
C22086,100,99,-1,0.01
C22088,100,95,-5,0.05
C22089,100,104,4,0.04
C22090,100,101,1,0.01
C22091,100,60,-40,0.4
C22092,100,109,9,0.09
C22093,100,100,0,0.0
C22094,100,1,-99,0.99
C22095,100,133,33,0.33
C22096,100,166,66,0.66
C22097,100,125,25,0.25
C22098,100,100,0,0.0
C22099,100,100,0,0.0
C22100,100,100,0,0.0
C22101,100,99,-1,0.01
C22102,100,101,1,0.01
C22103,100,99,-1,0.01
C22104,100,101,1,0.01
C22105,100,99,-1,0.01
C22106,100,67,-33,0.33
C22108,100,102,2,0.02
C22109,100,101,1,0.01
C22110,100,108,8,0.08
C22111,100,67,-33,0.33
C22112,100,84,-16,0.16
C22113,100,100,0,0.0
C22114,100,100,0,0.0
C22115,100,99,-1,0.01
C22116,100,92,-8,0.08
C22117,100,100,0,0.0
C22118,100,100,0,0.0
C22119,100,97,-3,0.03
C22120,100,91,-9,0.09
C22121,100,59,-41,0.41
C22122,100,63,-37,0.37
C22123,100,50,-50,0.5
C22124,100,133,33,0.33
C22125,100,103,3,0.03
C22126,100,103,3,0.03
C22127,100,102,2,0.02
C22128,100,99,-1,0.01
C22129,100,100,0,0.0
C22130,100,101,1,0.01
C22131,100,87,-13,0.13
C22132,100,61,-39,0.39
C22134,100,143,43,0.43
C22135,100,66,-34,0.34
C22136,100,79,-21,0.21
C22137,100,100,0,0.0
C22138,100,101,1,0.01
C22139,100,150,50,0.5
C22140,100,85,-15,0.15
C22141,100,115,15,0.15
C22142,100,113,13,0.13
C22143,100,0,-100,1.0
C22144,100,150,50,0.5
C22145,100,99,-1,0.01
C22146,100,101,1,0.01
C22147,100,100,0,0.0
C22148,100,49,-51,0.51
C22149,100,151,51,0.51
C22150,100,54,-46,0.46
C22151,100,146,46,0.46
C22152,100,100,0,0.0
C22153,100,100,0,0.0
C22154,100,100,0,0.0
C22155,100,100,0,0.0
C22156,100,100,0,0.0
C22157,100,119,19,0.19
C22158,100,0,-100,1.0
C22159,100,108,8,0.08
C22160,100,139,39,0.39
C22161,100,84,-16,0.16
C22162,100,63,-37,0.37
C22163,100,55,-45,0.45
C22164,100,145,45,0.45
C22165,100,146,46,0.46
C22166,100,100,0,0.0
C22167,100,100,0,0.0
C22168,100,100,0,0.0
C22169,100,101,1,0.01
C22170,100,100,0,0.0
C22171,100,99,-1,0.01
C22172,100,101,1,0.01
C22173,100,101,1,0.01
C22174,100,101,1,0.01
C22175,100,100,0,0.0
C22176,100,115,15,0.15
C22177,100,146,46,0.46
C22178,100,99,-1,0.01
C22179,100,101,1,0.01
C22180,100,85,-15,0.15
C22181,100,84,-16,0.16
C22182,100,85,-15,0.15
C22183,100,98,-2,0.02
C22184,100,102,2,0.02
C22185,100,111,11,0.11
C22186,100,115,15,0.15
C22187,100,117,17,0.17
C22188,100,114,14,0.14
C22189,100,100,0,0.0
C22190,100,100,0,0.0
C22191,100,100,0,0.0
C22192,100,100,0,0.0
C22193,100,100,0,0.0
C22194,100,100,0,0.0
C22195,100,100,0,0.0
C22196,100,100,0,0.0
C22197,100,100,0,0.0
C22198,100,60,-40,0.4
C22199,100,140,40,0.4
C22200,100,134,34,0.34
C22201,100,109,9,0.09
C22202,100,102,2,0.02
C22203,100,98,-2,0.02
C22204,100,59,-41,0.41
C22205,100,55,-45,0.45
C22206,100,112,12,0.12
C22207,100,88,-12,0.12
C22208,100,143,43,0.43
C22209,100,58,-42,0.42
C22210,100,147,47,0.47
C22211,100,98,-2,0.02
C22212,100,102,2,0.02
C22213,100,100,0,0.0
C22214,100,100,0,0.0
C22215,100,120,20,0.2
C22216,100,102,2,0.02
C22217,100,87,-13,0.13
C22218,100,113,13,0.13
C22219,100,94,-6,0.06
C22220,100,106,6,0.06
C22221,100,99,-1,0.01
C22222,100,101,1,0.01
C22223,100,103,3,0.03
C22224,100,83,-17,0.17
C22225,100,92,-8,0.08
C22226,100,100,0,0.0
C22229,100,100,0,0.0
C22230,100,121,21,0.21
C22231,100,112,12,0.12
C22232,100,88,-12,0.12
C22233,100,100,0,0.0
C22234,100,76,-24,0.24
C22235,100,124,24,0.24
C22236,100,82,-18,0.18
C22237,100,114,14,0.14
C22238,100,49,-51,0.51
C22239,100,100,0,0.0
C22240,100,100,0,0.0
C22241,100,100,0,0.0
C22242,100,100,0,0.0
C22243,100,100,0,0.0
C22244,100,100,0,0.0
C22264,100,100,0,0.0
C22265,100,100,0,0.0
C21462,100,129,29,0.29
C18847,100,101,1,0.01
